 -1.6592000e+002
 -1.2688000e+002
 -8.7840000e+001
 -8.2960000e+001
 -7.8080000e+001
 -6.8320000e+001
 -5.8560000e+001
 -5.8560000e+001
 -5.8560000e+001
 -6.8320000e+001
 -7.8080000e+001
 -9.2720000e+001
 -1.0736000e+002
 -1.2200000e+002
 -1.3664000e+002
 -1.5128000e+002
 -1.6592000e+002
 -1.7568000e+002
 -1.8544000e+002
 -1.9032000e+002
 -1.9520000e+002
 -2.0008000e+002
 -2.0496000e+002
 -2.0496000e+002
 -2.0496000e+002
 -2.0496000e+002
 -2.0496000e+002
 -2.0008000e+002
 -1.9520000e+002
 -1.9520000e+002
 -1.9520000e+002
 -1.9520000e+002
 -1.9520000e+002
 -1.9520000e+002
 -1.9520000e+002
 -1.9520000e+002
 -1.9520000e+002
 -1.9520000e+002
 -1.9520000e+002
 -1.9520000e+002
 -1.9520000e+002
 -2.0496000e+002
 -2.1472000e+002
 -2.2448000e+002
 -2.2936000e+002
 -2.2936000e+002
 -2.2448000e+002
 -2.2448000e+002
 -2.1472000e+002
 -2.0008000e+002
 -1.8544000e+002
 -1.5128000e+002
 -8.7840000e+001
 -3.4160000e+001
  1.4640000e+001
  4.3920000e+001
  5.3680000e+001
  6.3440000e+001
  6.8320000e+001
  7.3200000e+001
  7.3200000e+001
  5.8560000e+001
  4.3920000e+001
  4.3920000e+001
  2.4400000e+001
  4.8800000e+000
 -9.7600000e+000
 -2.4400000e+001
 -3.4160000e+001
 -5.3680000e+001
 -6.8320000e+001
 -7.8080000e+001
 -8.2960000e+001
 -9.2720000e+001
 -9.7600000e+001
 -1.0736000e+002
 -1.1712000e+002
 -1.1712000e+002
 -1.2200000e+002
 -1.3176000e+002
 -1.3176000e+002
 -1.3664000e+002
 -1.4152000e+002
 -1.5128000e+002
 -1.7080000e+002
 -2.0008000e+002
 -2.0008000e+002
 -1.6104000e+002
 -1.9520000e+001
  2.5376000e+002
  6.2464000e+002
  1.0589600e+003
  1.3908000e+003
  1.5323200e+003
  1.6152800e+003
  1.6299200e+003
  1.5030400e+003
  9.0280000e+002
  3.6600000e+002
  9.7600000e+001
 -7.3200000e+001
 -1.9032000e+002
 -2.2448000e+002
 -1.9032000e+002
 -1.4152000e+002
 -1.0736000e+002
 -7.8080000e+001
 -7.8080000e+001
 -6.8320000e+001
 -4.8800000e+001
 -4.3920000e+001
 -4.3920000e+001
 -5.8560000e+001
 -6.8320000e+001
 -7.3200000e+001
 -9.2720000e+001
 -1.0736000e+002
 -1.2688000e+002
 -1.3664000e+002
 -1.5128000e+002
 -1.6592000e+002
 -1.7568000e+002
 -1.8544000e+002
 -1.9520000e+002
 -2.0008000e+002
 -2.0496000e+002
 -2.0496000e+002
 -2.0496000e+002
 -2.0496000e+002
 -2.0008000e+002
 -1.9520000e+002
 -1.9520000e+002
 -1.9520000e+002
 -1.9520000e+002
 -1.9032000e+002
 -1.9032000e+002
 -1.9032000e+002
 -2.0008000e+002
 -2.0008000e+002
 -1.9032000e+002
 -1.8544000e+002
 -1.9032000e+002
 -1.9520000e+002
 -2.0008000e+002
 -2.0496000e+002
 -2.1472000e+002
 -2.1960000e+002
 -2.2936000e+002
 -2.2936000e+002
 -2.2448000e+002
 -2.2448000e+002
 -2.1472000e+002
 -2.0008000e+002
 -1.9032000e+002
 -1.6104000e+002
 -9.7600000e+001
 -4.3920000e+001
  4.8800000e+000
  3.4160000e+001
  4.3920000e+001
  5.8560000e+001
  6.8320000e+001
  7.3200000e+001
  7.3200000e+001
  5.8560000e+001
  4.3920000e+001
  4.3920000e+001
  2.4400000e+001
  4.8800000e+000
 -9.7600000e+000
 -2.4400000e+001
 -3.4160000e+001
 -5.3680000e+001
 -6.8320000e+001
 -7.8080000e+001
 -8.2960000e+001
 -9.2720000e+001
 -9.2720000e+001
 -9.7600000e+001
 -1.0736000e+002
 -1.0736000e+002
 -1.1712000e+002
 -1.3176000e+002
 -1.3176000e+002
 -1.3664000e+002
 -1.4152000e+002
 -1.5128000e+002
 -1.7568000e+002
 -2.0984000e+002
 -2.0984000e+002
 -1.7080000e+002
 -3.9040000e+001
  2.2448000e+002
  5.9536000e+002
  1.0296800e+003
  1.3712800e+003
  1.5225600e+003
  1.6152800e+003
  1.6396800e+003
  1.5323200e+003
  9.5160000e+002
  4.1480000e+002
  1.4640000e+002
 -2.4400000e+001
 -1.4640000e+002
 -1.7568000e+002
 -1.3176000e+002
 -1.0736000e+002
 -9.2720000e+001
 -5.8560000e+001
 -5.8560000e+001
 -5.3680000e+001
 -3.9040000e+001
 -3.9040000e+001
 -4.3920000e+001
 -5.8560000e+001
 -6.8320000e+001
 -7.8080000e+001
 -1.0248000e+002
 -1.1712000e+002
 -1.3664000e+002
 -1.4640000e+002
 -1.6104000e+002
 -1.7080000e+002
 -1.7568000e+002
 -1.8544000e+002
 -1.9520000e+002
 -2.0008000e+002
 -2.0496000e+002
 -2.0496000e+002
 -2.0496000e+002
 -2.0496000e+002
 -2.0496000e+002
 -2.0496000e+002
 -2.0496000e+002
 -2.0496000e+002
 -2.0496000e+002
 -2.0008000e+002
 -2.0008000e+002
 -2.0008000e+002
 -2.0984000e+002
 -2.0496000e+002
 -2.0496000e+002
 -2.0984000e+002
 -2.1472000e+002
 -2.1472000e+002
 -2.1472000e+002
 -2.1472000e+002
 -2.1472000e+002
 -2.1960000e+002
 -2.1960000e+002
 -2.1472000e+002
 -2.1472000e+002
 -2.0496000e+002
 -1.9032000e+002
 -1.7568000e+002
 -1.4152000e+002
 -7.8080000e+001
 -2.4400000e+001
  1.9520000e+001
  4.3920000e+001
  5.3680000e+001
  6.8320000e+001
  7.8080000e+001
  8.2960000e+001
  8.2960000e+001
  6.8320000e+001
  5.3680000e+001
  5.3680000e+001
  3.4160000e+001
  1.4640000e+001
  0.0000000e+000
 -1.4640000e+001
 -2.4400000e+001
 -4.3920000e+001
 -5.8560000e+001
 -6.8320000e+001
 -7.3200000e+001
 -8.2960000e+001
 -8.7840000e+001
 -9.7600000e+001
 -1.0736000e+002
 -1.0736000e+002
 -1.1224000e+002
 -1.2200000e+002
 -1.2200000e+002
 -1.2688000e+002
 -1.3176000e+002
 -1.4152000e+002
 -1.5616000e+002
 -1.8056000e+002
 -1.4640000e+002
 -7.3200000e+001
  1.3176000e+002
  4.6848000e+002
  8.0520000e+002
  1.2053600e+003
  1.4786400e+003
  1.5616000e+003
  1.5616000e+003
  1.4932800e+003
  1.3273600e+003
  6.8808000e+002
  2.1960000e+002
  1.9520000e+001
 -1.2200000e+002
 -2.1472000e+002
 -2.4400000e+002
 -2.0008000e+002
 -1.5128000e+002
 -1.1224000e+002
 -7.8080000e+001
 -7.8080000e+001
 -6.8320000e+001
 -4.8800000e+001
 -4.3920000e+001
 -4.3920000e+001
 -5.8560000e+001
 -6.8320000e+001
 -6.8320000e+001
 -8.2960000e+001
 -9.7600000e+001
 -1.1712000e+002
 -1.2200000e+002
 -1.3176000e+002
 -1.4640000e+002
 -1.5616000e+002
 -1.6592000e+002
 -1.7568000e+002
 -1.8056000e+002
 -1.8544000e+002
 -1.8544000e+002
 -1.8544000e+002
 -1.8544000e+002
 -1.8544000e+002
 -1.8544000e+002
 -1.8544000e+002
 -1.8056000e+002
 -1.7568000e+002
 -1.7080000e+002
 -1.7080000e+002
 -1.7080000e+002
 -1.8056000e+002
 -1.8056000e+002
 -1.7568000e+002
 -1.7568000e+002
 -1.7568000e+002
 -1.7568000e+002
 -1.7568000e+002
 -1.9032000e+002
 -2.0008000e+002
 -2.1472000e+002
 -2.1960000e+002
 -2.2448000e+002
 -2.2448000e+002
 -2.2448000e+002
 -2.1472000e+002
 -2.0496000e+002
 -1.9520000e+002
 -1.6104000e+002
 -9.7600000e+001
 -4.3920000e+001
  4.8800000e+000
  3.4160000e+001
  4.3920000e+001
  6.3440000e+001
  7.8080000e+001
  8.2960000e+001
  8.2960000e+001
  6.8320000e+001
  5.3680000e+001
  5.3680000e+001
  3.4160000e+001
  1.4640000e+001
  0.0000000e+000
 -1.4640000e+001
 -2.4400000e+001
 -4.3920000e+001
 -5.8560000e+001
 -6.8320000e+001
 -7.3200000e+001
 -8.2960000e+001
 -8.7840000e+001
 -9.7600000e+001
 -1.0736000e+002
 -1.0736000e+002
 -1.1224000e+002
 -1.2200000e+002
 -1.2200000e+002
 -1.2688000e+002
 -1.3176000e+002
 -1.4640000e+002
 -1.7080000e+002
 -2.0008000e+002
 -2.0008000e+002
 -1.7080000e+002
 -3.9040000e+001
  2.3424000e+002
  6.0512000e+002
  1.0394400e+003
  1.3712800e+003
  1.5225600e+003
  1.6152800e+003
  1.6494400e+003
  1.5420800e+003
  9.3208000e+002
  3.8552000e+002
  1.0736000e+002
 -7.3200000e+001
 -2.0008000e+002
 -2.4400000e+002
 -2.0984000e+002
 -1.6104000e+002
 -1.2200000e+002
 -8.7840000e+001
 -8.7840000e+001
 -7.8080000e+001
 -4.8800000e+001
 -3.4160000e+001
 -3.4160000e+001
 -4.8800000e+001
 -5.8560000e+001
 -6.3440000e+001
 -8.2960000e+001
 -9.7600000e+001
 -1.1712000e+002
 -1.2688000e+002
 -1.4152000e+002
 -1.5616000e+002
 -1.6592000e+002
 -1.7568000e+002
 -1.8544000e+002
 -1.9032000e+002
 -1.9520000e+002
 -1.9520000e+002
 -1.9520000e+002
 -1.9520000e+002
 -1.9520000e+002
 -1.9520000e+002
 -1.9520000e+002
 -1.9520000e+002
 -1.9520000e+002
 -1.9032000e+002
 -1.9032000e+002
 -1.9032000e+002
 -2.0008000e+002
 -2.0008000e+002
 -1.9520000e+002
 -1.9032000e+002
 -1.8544000e+002
 -1.8544000e+002
 -1.9520000e+002
 -2.0496000e+002
 -2.1472000e+002
 -2.2448000e+002
 -2.3424000e+002
 -2.3912000e+002
 -2.3912000e+002
 -2.3424000e+002
 -2.2936000e+002
 -2.1472000e+002
 -2.0008000e+002
 -1.8544000e+002
 -1.5128000e+002
 -8.7840000e+001
 -3.4160000e+001
  1.4640000e+001
  4.3920000e+001
  5.3680000e+001
  6.8320000e+001
  7.8080000e+001
  8.2960000e+001
  8.2960000e+001
  6.8320000e+001
  5.3680000e+001
  4.8800000e+001
  2.4400000e+001
  4.8800000e+000
 -9.7600000e+000
 -2.4400000e+001
 -3.4160000e+001
 -5.3680000e+001
 -6.8320000e+001
 -7.8080000e+001
 -8.2960000e+001
 -9.2720000e+001
 -9.7600000e+001
 -1.0248000e+002
 -1.0736000e+002
 -1.0736000e+002
 -1.1224000e+002
 -1.2688000e+002
 -1.3176000e+002
 -1.3664000e+002
 -1.4152000e+002
 -1.6104000e+002
 -1.9032000e+002
 -2.0984000e+002
 -2.0008000e+002
 -1.4152000e+002
  1.9520000e+001
  3.1232000e+002
  7.0272000e+002
  1.1224000e+003
  1.4396000e+003
  1.5811200e+003
  1.6640800e+003
  1.6250400e+003
  1.4444800e+003
  8.5400000e+002
  3.2696000e+002
  7.8080000e+001
 -7.3200000e+001
 -1.7080000e+002
 -1.8544000e+002
 -1.5128000e+002
 -1.0248000e+002
 -8.2960000e+001
 -6.8320000e+001
 -6.8320000e+001
 -5.8560000e+001
 -4.3920000e+001
 -4.3920000e+001
 -4.8800000e+001
 -6.8320000e+001
 -7.8080000e+001
 -8.2960000e+001
 -1.0248000e+002
 -1.1712000e+002
 -1.3664000e+002
 -1.4640000e+002
 -1.6104000e+002
 -1.7568000e+002
 -1.8544000e+002
 -1.9520000e+002
 -2.0496000e+002
 -2.0984000e+002
 -2.1472000e+002
 -2.1472000e+002
 -2.1472000e+002
 -2.1472000e+002
 -2.1472000e+002
 -2.1472000e+002
 -2.1472000e+002
 -2.1472000e+002
 -2.1472000e+002
 -2.0984000e+002
 -2.0984000e+002
 -2.0984000e+002
 -2.1960000e+002
 -2.1960000e+002
 -2.0984000e+002
 -2.0496000e+002
 -2.0496000e+002
 -2.0496000e+002
 -2.0984000e+002
 -2.1960000e+002
 -2.2936000e+002
 -2.3912000e+002
 -2.4400000e+002
 -2.4400000e+002
 -2.4400000e+002
 -2.3424000e+002
 -2.2448000e+002
 -2.1472000e+002
 -1.8056000e+002
 -1.1712000e+002
 -5.8560000e+001
 -4.8800000e+000
  2.4400000e+001
  3.4160000e+001
  4.8800000e+001
  5.8560000e+001
  6.3440000e+001
  6.3440000e+001
  5.3680000e+001
  4.3920000e+001
  4.3920000e+001
  2.4400000e+001
  4.8800000e+000
 -9.7600000e+000
 -2.4400000e+001
 -3.4160000e+001
 -5.3680000e+001
 -6.8320000e+001
 -7.8080000e+001
 -8.2960000e+001
 -9.2720000e+001
 -9.7600000e+001
 -1.0736000e+002
 -1.1712000e+002
 -1.1712000e+002
 -1.2200000e+002
 -1.3176000e+002
 -1.3176000e+002
 -1.3664000e+002
 -1.4152000e+002
 -1.4640000e+002
 -1.6104000e+002
 -1.9032000e+002
 -1.9032000e+002
 -1.4640000e+002
  0.0000000e+000
  2.8792000e+002
  6.7344000e+002
  1.1077600e+003
  1.4396000e+003
  1.5713600e+003
  1.6445600e+003
  1.6396800e+003
  1.4932800e+003
  8.8328000e+002
  3.3672000e+002
  6.3440000e+001
 -1.1224000e+002
 -2.3424000e+002
 -2.7328000e+002
 -2.3912000e+002
 -1.9032000e+002
 -1.4152000e+002
 -9.7600000e+001
 -9.7600000e+001
 -8.7840000e+001
 -6.3440000e+001
 -5.3680000e+001
 -4.8800000e+001
 -5.8560000e+001
 -6.8320000e+001
 -7.3200000e+001
 -9.2720000e+001
 -1.0736000e+002
 -1.2688000e+002
 -1.3664000e+002
 -1.5128000e+002
 -1.6592000e+002
 -1.7568000e+002
 -1.8544000e+002
 -1.9520000e+002
 -2.0008000e+002
 -2.0496000e+002
 -2.0496000e+002
 -2.0496000e+002
 -2.0496000e+002
 -2.0496000e+002
 -2.0496000e+002
 -2.0496000e+002
 -2.0496000e+002
 -2.0496000e+002
 -2.0008000e+002
 -2.0008000e+002
 -2.0008000e+002
 -2.0984000e+002
 -2.0984000e+002
 -2.0496000e+002
 -2.0008000e+002
 -1.9520000e+002
 -1.9520000e+002
 -2.0496000e+002
 -2.1472000e+002
 -2.2448000e+002
 -2.3424000e+002
 -2.4400000e+002
 -2.4888000e+002
 -2.4888000e+002
 -2.4400000e+002
 -2.4400000e+002
 -2.3424000e+002
 -2.1472000e+002
 -1.9520000e+002
 -1.6104000e+002
 -9.7600000e+001
 -4.3920000e+001
  4.8800000e+000
  2.9280000e+001
  3.4160000e+001
  4.8800000e+001
  5.8560000e+001
  6.3440000e+001
  6.3440000e+001
  4.8800000e+001
  3.4160000e+001
  2.9280000e+001
  4.8800000e+000
 -1.4640000e+001
 -2.9280000e+001
 -4.3920000e+001
 -5.3680000e+001
 -7.3200000e+001
 -8.7840000e+001
 -9.7600000e+001
 -1.0248000e+002
 -1.1224000e+002
 -1.1712000e+002
 -1.2688000e+002
 -1.3664000e+002
 -1.3664000e+002
 -1.4152000e+002
 -1.5128000e+002
 -1.5128000e+002
 -1.5616000e+002
 -1.6104000e+002
 -1.7080000e+002
 -1.9032000e+002
 -2.2936000e+002
 -2.3912000e+002
 -2.1960000e+002
 -9.7600000e+001
  1.5616000e+002
  5.0752000e+002
  9.6624000e+002
  1.3224800e+003
  1.4835200e+003
  1.5860000e+003
  1.6689600e+003
  1.6104000e+003
  9.9064000e+002
  4.3432000e+002
  1.3664000e+002
 -6.3440000e+001
 -1.9032000e+002
 -2.3424000e+002
 -2.0008000e+002
 -1.5128000e+002
 -1.1224000e+002
 -7.8080000e+001
 -8.2960000e+001
 -7.8080000e+001
 -5.8560000e+001
 -5.3680000e+001
 -5.8560000e+001
 -7.8080000e+001
 -8.7840000e+001
 -9.2720000e+001
 -1.1224000e+002
 -1.2688000e+002
 -1.4640000e+002
 -1.5616000e+002
 -1.7080000e+002
 -1.8544000e+002
 -1.9520000e+002
 -2.0496000e+002
 -2.1472000e+002
 -2.1960000e+002
 -2.2448000e+002
 -2.2448000e+002
 -2.2448000e+002
 -2.2448000e+002
 -2.2448000e+002
 -2.2448000e+002
 -2.2448000e+002
 -2.2448000e+002
 -2.2448000e+002
 -2.1960000e+002
 -2.1960000e+002
 -2.1960000e+002
 -2.2936000e+002
 -2.2936000e+002
 -2.1960000e+002
 -2.1472000e+002
 -2.1960000e+002
 -2.2448000e+002
 -2.2448000e+002
 -2.2448000e+002
 -2.3912000e+002
 -2.4888000e+002
 -2.5864000e+002
 -2.5864000e+002
 -2.5376000e+002
 -2.5376000e+002
 -2.4400000e+002
 -2.2936000e+002
 -2.1472000e+002
 -1.8056000e+002
 -1.1712000e+002
 -6.3440000e+001
 -1.4640000e+001
  1.4640000e+001
  2.4400000e+001
  3.9040000e+001
  4.8800000e+001
  5.3680000e+001
  5.3680000e+001
  3.9040000e+001
  2.4400000e+001
  2.4400000e+001
  4.8800000e+000
 -1.4640000e+001
 -2.9280000e+001
 -4.3920000e+001
 -4.8800000e+001
 -6.3440000e+001
 -7.8080000e+001
 -8.7840000e+001
 -9.2720000e+001
 -1.0248000e+002
 -1.0736000e+002
 -1.1712000e+002
 -1.2688000e+002
 -1.2688000e+002
 -1.3176000e+002
 -1.4152000e+002
 -1.4152000e+002
 -1.4640000e+002
 -1.5616000e+002
 -1.7080000e+002
 -1.9520000e+002
 -2.2936000e+002
 -2.3424000e+002
 -2.0008000e+002
 -7.8080000e+001
  1.7568000e+002
  5.3680000e+002
  9.6136000e+002
  1.3127200e+003
  1.4737600e+003
  1.5811200e+003
  1.6201600e+003
  1.5372000e+003
  9.8088000e+002
  4.2944000e+002
  1.4640000e+002
 -3.4160000e+001
 -1.6592000e+002
 -1.9032000e+002
 -1.4152000e+002
 -1.1712000e+002
 -1.0248000e+002
 -6.8320000e+001
 -6.8320000e+001
 -6.3440000e+001
 -4.8800000e+001
 -4.8800000e+001
 -5.3680000e+001
 -7.8080000e+001
 -9.7600000e+001
 -1.0248000e+002
 -1.2200000e+002
 -1.3664000e+002
 -1.5616000e+002
 -1.6104000e+002
 -1.7080000e+002
 -1.8544000e+002
 -1.9520000e+002
 -2.0008000e+002
 -2.0496000e+002
 -2.0984000e+002
 -2.1472000e+002
 -2.1472000e+002
 -2.1472000e+002
 -2.1472000e+002
 -2.1472000e+002
 -2.1472000e+002
 -2.1472000e+002
 -2.1472000e+002
 -2.1472000e+002
 -2.1472000e+002
 -2.1960000e+002
 -2.1960000e+002
 -2.2936000e+002
 -2.2448000e+002
 -2.2448000e+002
 -2.2448000e+002
 -2.2448000e+002
 -2.2448000e+002
 -2.2448000e+002
 -2.2936000e+002
 -2.3424000e+002
 -2.3912000e+002
 -2.3912000e+002
 -2.3424000e+002
 -2.3424000e+002
 -2.2936000e+002
 -2.1960000e+002
 -2.0496000e+002
 -1.7080000e+002
 -1.0736000e+002
 -5.3680000e+001
 -4.8800000e+000
  2.4400000e+001
  3.4160000e+001
  4.8800000e+001
  5.8560000e+001
  6.3440000e+001
  6.3440000e+001
  4.8800000e+001
  3.4160000e+001
  3.4160000e+001
  1.4640000e+001
 -4.8800000e+000
 -1.9520000e+001
 -3.4160000e+001
 -4.3920000e+001
 -6.3440000e+001
 -7.8080000e+001
 -8.7840000e+001
 -9.2720000e+001
 -1.0248000e+002
 -1.0736000e+002
 -1.1712000e+002
 -1.2688000e+002
 -1.2688000e+002
 -1.3176000e+002
 -1.4152000e+002
 -1.4152000e+002
 -1.4640000e+002
 -1.4640000e+002
 -1.5128000e+002
 -1.7080000e+002
 -2.0008000e+002
 -1.6592000e+002
 -9.2720000e+001
  9.7600000e+001
  4.1968000e+002
  7.6616000e+002
  1.1760800e+003
  1.4591200e+003
  1.5518400e+003
  1.5616000e+003
  1.5030400e+003
  1.3371200e+003
  6.9784000e+002
  2.2448000e+002
  1.9520000e+001
 -1.2688000e+002
 -2.2448000e+002
 -2.6352000e+002
 -2.2936000e+002
 -1.7568000e+002
 -1.3176000e+002
 -9.2720000e+001
 -8.7840000e+001
 -7.3200000e+001
 -4.8800000e+001
 -3.9040000e+001
 -3.4160000e+001
 -4.8800000e+001
 -5.8560000e+001
 -6.3440000e+001
 -8.2960000e+001
 -9.7600000e+001
 -1.1712000e+002
 -1.2688000e+002
 -1.4152000e+002
 -1.5616000e+002
 -1.6592000e+002
 -1.7568000e+002
 -1.8544000e+002
 -1.9032000e+002
 -1.9520000e+002
 -1.9520000e+002
 -1.9520000e+002
 -1.9520000e+002
 -1.9520000e+002
 -1.9520000e+002
 -1.9520000e+002
 -1.9032000e+002
 -1.8544000e+002
 -1.8056000e+002
 -1.8056000e+002
 -1.7568000e+002
 -1.8056000e+002
 -1.8056000e+002
 -1.7568000e+002
 -1.7080000e+002
 -1.7080000e+002
 -1.7568000e+002
 -1.8544000e+002
 -2.0008000e+002
 -2.1472000e+002
 -2.1960000e+002
 -2.2448000e+002
 -2.2936000e+002
 -2.2936000e+002
 -2.2448000e+002
 -2.2448000e+002
 -2.1472000e+002
 -2.0008000e+002
 -1.8056000e+002
 -1.4152000e+002
 -7.8080000e+001
 -2.4400000e+001
  1.4640000e+001
  3.4160000e+001
  4.3920000e+001
  5.8560000e+001
  6.8320000e+001
  7.3200000e+001
  7.3200000e+001
  5.8560000e+001
  4.3920000e+001
  4.3920000e+001
  2.4400000e+001
  4.8800000e+000
 -9.7600000e+000
 -2.4400000e+001
 -3.4160000e+001
 -5.3680000e+001
 -6.8320000e+001
 -7.8080000e+001
 -8.2960000e+001
 -9.2720000e+001
 -9.7600000e+001
 -1.0736000e+002
 -1.1712000e+002
 -1.1712000e+002
 -1.2200000e+002
 -1.3176000e+002
 -1.3176000e+002
 -1.3664000e+002
 -1.4152000e+002
 -1.5128000e+002
 -1.6592000e+002
 -1.9032000e+002
 -1.4152000e+002
 -5.3680000e+001
  1.5616000e+002
  4.9776000e+002
  8.2472000e+002
  1.2151200e+003
  1.4835200e+003
  1.5616000e+003
  1.5420800e+003
  1.4542400e+003
  1.2785600e+003
  6.2952000e+002
  1.8056000e+002
  0.0000000e+000
 -1.2688000e+002
 -2.0496000e+002
 -2.3424000e+002
 -1.9032000e+002
 -1.4152000e+002
 -1.0248000e+002
 -6.8320000e+001
 -6.8320000e+001
 -5.8560000e+001
 -3.9040000e+001
 -3.4160000e+001
 -3.4160000e+001
 -4.8800000e+001
 -5.8560000e+001
 -6.3440000e+001
 -8.2960000e+001
 -9.7600000e+001
 -1.1712000e+002
 -1.2688000e+002
 -1.4152000e+002
 -1.5616000e+002
 -1.6592000e+002
 -1.7568000e+002
 -1.8544000e+002
 -1.9032000e+002
 -1.9520000e+002
 -2.0008000e+002
 -2.0496000e+002
 -2.0496000e+002
 -2.0496000e+002
 -2.0496000e+002
 -2.0496000e+002
 -2.0008000e+002
 -1.9520000e+002
 -1.9032000e+002
 -1.9032000e+002
 -1.8544000e+002
 -1.9032000e+002
 -1.9032000e+002
 -1.8544000e+002
 -1.8056000e+002
 -1.8056000e+002
 -1.8544000e+002
 -1.9520000e+002
 -2.0984000e+002
 -2.2448000e+002
 -2.2936000e+002
 -2.3424000e+002
 -2.3912000e+002
 -2.3912000e+002
 -2.2448000e+002
 -2.1472000e+002
 -2.0496000e+002
 -1.9032000e+002
 -1.7080000e+002
 -1.3176000e+002
 -6.8320000e+001
 -1.4640000e+001
  2.4400000e+001
  4.3920000e+001
  5.3680000e+001
  6.8320000e+001
  7.8080000e+001
  8.2960000e+001
  7.8080000e+001
  5.8560000e+001
  4.3920000e+001
  4.3920000e+001
  2.4400000e+001
  4.8800000e+000
 -9.7600000e+000
 -2.4400000e+001
 -3.4160000e+001
 -5.3680000e+001
 -6.8320000e+001
 -7.8080000e+001
 -8.2960000e+001
 -9.2720000e+001
 -9.7600000e+001
 -1.0736000e+002
 -1.1712000e+002
 -1.1712000e+002
 -1.2200000e+002
 -1.3176000e+002
 -1.3176000e+002
 -1.3664000e+002
 -1.4152000e+002
 -1.5128000e+002
 -1.7080000e+002
 -2.0008000e+002
 -1.6104000e+002
 -8.2960000e+001
  1.3176000e+002
  4.7824000e+002
  8.1984000e+002
  1.2248800e+003
  1.5079200e+003
  1.6006400e+003
  1.5908800e+003
  1.5128000e+003
  1.3127200e+003
  6.3928000e+002
  1.8056000e+002
 -9.7600000e+000
 -1.3664000e+002
 -2.1472000e+002
 -2.3912000e+002
 -1.9032000e+002
 -1.4152000e+002
 -1.0248000e+002
 -6.8320000e+001
 -6.8320000e+001
 -5.8560000e+001
 -3.9040000e+001
 -3.9040000e+001
 -4.3920000e+001
 -5.8560000e+001
 -6.8320000e+001
 -7.3200000e+001
 -9.2720000e+001
 -1.0736000e+002
 -1.2688000e+002
 -1.3664000e+002
 -1.5128000e+002
 -1.6592000e+002
 -1.7568000e+002
 -1.8544000e+002
 -1.9520000e+002
 -2.0008000e+002
 -2.0496000e+002
 -2.0496000e+002
 -2.0496000e+002
 -2.0496000e+002
 -2.0496000e+002
 -2.0496000e+002
 -2.0496000e+002
 -2.0496000e+002
 -2.0496000e+002
 -2.0008000e+002
 -2.0008000e+002
 -2.0008000e+002
 -2.0984000e+002
 -2.0984000e+002
 -2.0496000e+002
 -1.9520000e+002
 -1.9032000e+002
 -1.9520000e+002
 -2.0496000e+002
 -2.1472000e+002
 -2.2448000e+002
 -2.2936000e+002
 -2.3424000e+002
 -2.3912000e+002
 -2.3912000e+002
 -2.3424000e+002
 -2.3424000e+002
 -2.2448000e+002
 -2.0984000e+002
 -1.8544000e+002
 -1.4152000e+002
 -7.8080000e+001
 -2.4400000e+001
  1.9520000e+001
  4.3920000e+001
  5.3680000e+001
  6.8320000e+001
  7.3200000e+001
  7.3200000e+001
  7.3200000e+001
  5.8560000e+001
  4.3920000e+001
  4.3920000e+001
  2.4400000e+001
  4.8800000e+000
 -9.7600000e+000
 -2.4400000e+001
 -3.9040000e+001
 -6.3440000e+001
 -7.8080000e+001
 -8.7840000e+001
 -9.2720000e+001
 -1.0248000e+002
 -1.0248000e+002
 -1.0736000e+002
 -1.1712000e+002
 -1.1712000e+002
 -1.2200000e+002
 -1.3176000e+002
 -1.3176000e+002
 -1.3664000e+002
 -1.4640000e+002
 -1.6104000e+002
 -1.8056000e+002
 -2.0984000e+002
 -2.0496000e+002
 -1.6104000e+002
  0.0000000e+000
  2.9280000e+002
  6.7832000e+002
  1.1272800e+003
  1.4493600e+003
  1.5811200e+003
  1.6494400e+003
  1.6494400e+003
  1.4786400e+003
  8.3448000e+002
  3.1720000e+002
  6.8320000e+001
 -9.7600000e+001
 -2.1472000e+002
 -2.4400000e+002
 -2.0008000e+002
 -1.5128000e+002
 -1.1224000e+002
 -8.2960000e+001
 -8.7840000e+001
 -7.8080000e+001
 -5.8560000e+001
 -5.3680000e+001
 -5.3680000e+001
 -6.8320000e+001
 -7.8080000e+001
 -8.2960000e+001
 -1.0248000e+002
 -1.1712000e+002
 -1.3664000e+002
 -1.4640000e+002
 -1.6104000e+002
 -1.7568000e+002
 -1.8544000e+002
 -1.9520000e+002
 -2.0496000e+002
 -2.0984000e+002
 -2.1472000e+002
 -2.1472000e+002
 -2.1472000e+002
 -2.1472000e+002
 -2.1472000e+002
 -2.1472000e+002
 -2.1472000e+002
 -2.1472000e+002
 -2.1472000e+002
 -2.0984000e+002
 -2.0984000e+002
 -2.0984000e+002
 -2.1960000e+002
 -2.1960000e+002
 -2.1472000e+002
 -2.0984000e+002
 -2.0984000e+002
 -2.0496000e+002
 -2.0496000e+002
 -2.1960000e+002
 -2.3424000e+002
 -2.3912000e+002
 -2.4400000e+002
 -2.4888000e+002
 -2.4888000e+002
 -2.3912000e+002
 -2.3424000e+002
 -2.2448000e+002
 -2.0984000e+002
 -1.8544000e+002
 -1.4152000e+002
 -7.8080000e+001
 -2.4400000e+001
  1.4640000e+001
  3.4160000e+001
  4.3920000e+001
  5.8560000e+001
  6.8320000e+001
  7.3200000e+001
  6.8320000e+001
  4.8800000e+001
  3.4160000e+001
  3.4160000e+001
  1.4640000e+001
 -4.8800000e+000
 -1.4640000e+001
 -2.4400000e+001
 -3.4160000e+001
 -5.3680000e+001
 -6.8320000e+001
 -7.8080000e+001
 -8.2960000e+001
 -9.2720000e+001
 -9.7600000e+001
 -1.0736000e+002
 -1.2200000e+002
 -1.2688000e+002
 -1.3176000e+002
 -1.4152000e+002
 -1.4152000e+002
 -1.4640000e+002
 -1.5128000e+002
 -1.6104000e+002
 -1.9032000e+002
 -2.2936000e+002
 -2.3424000e+002
 -2.0008000e+002
 -7.3200000e+001
  1.8544000e+002
  5.5632000e+002
  9.9064000e+002
  1.3468800e+003
  1.5128000e+003
  1.6201600e+003
  1.6592000e+003
  1.5762400e+003
  1.0199200e+003
  4.4896000e+002
  1.4640000e+002
 -3.4160000e+001
 -1.6592000e+002
 -1.8544000e+002
 -1.3176000e+002
 -1.0736000e+002
 -9.2720000e+001
 -5.8560000e+001
 -5.8560000e+001
 -5.8560000e+001
 -4.8800000e+001
 -4.3920000e+001
 -4.3920000e+001
 -6.3440000e+001
 -7.8080000e+001
 -8.2960000e+001
 -1.0248000e+002
 -1.1712000e+002
 -1.3664000e+002
 -1.4640000e+002
 -1.6104000e+002
 -1.7568000e+002
 -1.8544000e+002
 -1.9032000e+002
 -1.9520000e+002
 -2.0008000e+002
 -2.0496000e+002
 -2.0496000e+002
 -2.0496000e+002
 -2.0496000e+002
 -2.0496000e+002
 -2.0496000e+002
 -2.0496000e+002
 -2.0496000e+002
 -2.0496000e+002
 -2.0008000e+002
 -2.0008000e+002
 -2.0008000e+002
 -2.0984000e+002
 -2.0984000e+002
 -2.1472000e+002
 -2.1472000e+002
 -2.1472000e+002
 -2.1472000e+002
 -2.1472000e+002
 -2.1960000e+002
 -2.2448000e+002
 -2.2936000e+002
 -2.2936000e+002
 -2.2936000e+002
 -2.3424000e+002
 -2.2448000e+002
 -2.0984000e+002
 -2.0496000e+002
 -1.8056000e+002
 -1.1712000e+002
 -6.3440000e+001
 -4.8800000e+000
  3.4160000e+001
  4.3920000e+001
  5.8560000e+001
  6.8320000e+001
  7.3200000e+001
  7.8080000e+001
  6.8320000e+001
  5.3680000e+001
  5.3680000e+001
  3.4160000e+001
  1.4640000e+001
  0.0000000e+000
 -1.4640000e+001
 -2.4400000e+001
 -4.3920000e+001
 -5.8560000e+001
 -6.8320000e+001
 -7.3200000e+001
 -8.2960000e+001
 -8.7840000e+001
 -9.7600000e+001
 -1.0736000e+002
 -1.0736000e+002
 -1.1224000e+002
 -1.2200000e+002
 -1.2200000e+002
 -1.2688000e+002
 -1.3176000e+002
 -1.4152000e+002
 -1.6104000e+002
 -1.9032000e+002
 -2.0984000e+002
 -1.9032000e+002
 -5.8560000e+001
  2.0496000e+002
  5.6608000e+002
  9.9064000e+002
  1.3371200e+003
  1.4932800e+003
  1.5811200e+003
  1.6006400e+003
  1.5274400e+003
  9.8088000e+002
  4.0992000e+002
  1.0736000e+002
 -6.8320000e+001
 -1.9520000e+002
 -2.4400000e+002
 -2.1960000e+002
 -1.7080000e+002
 -1.3176000e+002
 -9.2720000e+001
 -8.7840000e+001
 -7.8080000e+001
 -5.8560000e+001
 -4.3920000e+001
 -3.4160000e+001
 -4.8800000e+001
 -5.8560000e+001
 -6.3440000e+001
 -8.2960000e+001
 -9.7600000e+001
 -1.1712000e+002
 -1.2688000e+002
 -1.4152000e+002
 -1.5616000e+002
 -1.6592000e+002
 -1.7568000e+002
 -1.8544000e+002
 -1.9032000e+002
 -1.9520000e+002
 -1.9520000e+002
 -1.9520000e+002
 -1.9520000e+002
 -1.9520000e+002
 -1.9520000e+002
 -1.9520000e+002
 -1.9520000e+002
 -1.9520000e+002
 -1.8544000e+002
 -1.8056000e+002
 -1.8056000e+002
 -1.9032000e+002
 -1.9032000e+002
 -1.8544000e+002
 -1.7568000e+002
 -1.7080000e+002
 -1.7568000e+002
 -1.8544000e+002
 -2.0008000e+002
 -2.1472000e+002
 -2.1960000e+002
 -2.2448000e+002
 -2.2936000e+002
 -2.2936000e+002
 -2.2448000e+002
 -2.2448000e+002
 -2.1472000e+002
 -2.0008000e+002
 -1.8544000e+002
 -1.5128000e+002
 -8.7840000e+001
 -3.4160000e+001
  1.4640000e+001
  4.3920000e+001
  5.3680000e+001
  6.8320000e+001
  7.8080000e+001
  8.2960000e+001
  8.2960000e+001
  6.8320000e+001
  5.3680000e+001
  5.3680000e+001
  3.4160000e+001
  1.4640000e+001
  0.0000000e+000
 -1.4640000e+001
 -2.4400000e+001
 -4.3920000e+001
 -5.8560000e+001
 -6.8320000e+001
 -7.3200000e+001
 -8.2960000e+001
 -8.7840000e+001
 -9.7600000e+001
 -1.0736000e+002
 -1.0736000e+002
 -1.1224000e+002
 -1.2200000e+002
 -1.2200000e+002
 -1.2688000e+002
 -1.3176000e+002
 -1.4152000e+002
 -1.6592000e+002
 -2.0008000e+002
 -2.0008000e+002
 -1.6104000e+002
 -3.4160000e+001
  2.2448000e+002
  5.9536000e+002
  1.0296800e+003
  1.3761600e+003
  1.5323200e+003
  1.6152800e+003
  1.6299200e+003
  1.5225600e+003
  9.4184000e+002
  3.9040000e+002
  1.0736000e+002
 -6.3440000e+001
 -1.8544000e+002
 -2.2936000e+002
 -2.0008000e+002
 -1.5128000e+002
 -1.1224000e+002
 -7.3200000e+001
 -6.8320000e+001
 -5.8560000e+001
 -3.9040000e+001
 -3.4160000e+001
 -3.4160000e+001
 -4.8800000e+001
 -5.8560000e+001
 -6.3440000e+001
 -8.2960000e+001
 -9.7600000e+001
 -1.1712000e+002
 -1.2688000e+002
 -1.4152000e+002
 -1.5128000e+002
 -1.5616000e+002
 -1.6592000e+002
 -1.7568000e+002
 -1.8544000e+002
 -1.9520000e+002
 -1.9520000e+002
 -1.9520000e+002
 -1.9520000e+002
 -1.9520000e+002
 -1.9032000e+002
 -1.8544000e+002
 -1.8544000e+002
 -1.8544000e+002
 -1.8056000e+002
 -1.8056000e+002
 -1.8056000e+002
 -1.9032000e+002
 -1.9032000e+002
 -1.8544000e+002
 -1.7568000e+002
 -1.7080000e+002
 -1.7568000e+002
 -1.8544000e+002
 -1.9520000e+002
 -2.0496000e+002
 -2.1472000e+002
 -2.1960000e+002
 -2.2936000e+002
 -2.2936000e+002
 -2.2448000e+002
 -2.2448000e+002
 -2.0496000e+002
 -1.8056000e+002
 -1.6104000e+002
 -1.2200000e+002
 -5.8560000e+001
 -4.8800000e+000
  3.4160000e+001
  5.3680000e+001
  6.3440000e+001
  7.8080000e+001
  8.2960000e+001
  8.2960000e+001
  8.2960000e+001
  6.8320000e+001
  5.3680000e+001
  5.3680000e+001
  3.4160000e+001
  1.4640000e+001
  0.0000000e+000
 -1.4640000e+001
 -2.4400000e+001
 -4.3920000e+001
 -5.8560000e+001
 -6.8320000e+001
 -7.3200000e+001
 -8.2960000e+001
 -8.7840000e+001
 -9.7600000e+001
 -1.0736000e+002
 -1.0736000e+002
 -1.1224000e+002
 -1.2200000e+002
 -1.2200000e+002
 -1.2688000e+002
 -1.3176000e+002
 -1.4152000e+002
 -1.6104000e+002
 -1.9032000e+002
 -1.4640000e+002
 -6.3440000e+001
  1.3176000e+002
  4.5872000e+002
  7.9056000e+002
  1.1858400e+003
  1.4591200e+003
  1.5420800e+003
  1.5469600e+003
  1.4835200e+003
  1.3078400e+003
  6.5880000e+002
  2.0496000e+002
  1.9520000e+001
 -1.1712000e+002
 -2.0496000e+002
 -2.2936000e+002
 -1.8056000e+002
 -1.3176000e+002
 -9.2720000e+001
 -5.8560000e+001
 -5.8560000e+001
 -4.8800000e+001
 -2.9280000e+001
 -2.9280000e+001
 -3.4160000e+001
 -4.8800000e+001
 -5.8560000e+001
 -6.3440000e+001
 -8.2960000e+001
 -9.7600000e+001
 -1.1712000e+002
 -1.2688000e+002
 -1.4152000e+002
 -1.5616000e+002
 -1.6592000e+002
 -1.7568000e+002
 -1.8544000e+002
 -1.9032000e+002
 -1.9520000e+002
 -1.9520000e+002
 -1.9520000e+002
 -1.9520000e+002
 -1.9520000e+002
 -1.9520000e+002
 -1.9520000e+002
 -1.9520000e+002
 -1.9520000e+002
 -1.9032000e+002
 -1.9032000e+002
 -1.9032000e+002
 -2.0008000e+002
 -2.0008000e+002
 -1.9520000e+002
 -1.9032000e+002
 -1.8544000e+002
 -1.9520000e+002
 -2.0496000e+002
 -2.0984000e+002
 -2.1472000e+002
 -2.2448000e+002
 -2.2936000e+002
 -2.3424000e+002
 -2.3424000e+002
 -2.3424000e+002
 -2.2448000e+002
 -2.0984000e+002
 -1.9520000e+002
 -1.6104000e+002
 -9.7600000e+001
 -4.3920000e+001
  4.8800000e+000
  3.4160000e+001
  4.3920000e+001
  6.3440000e+001
  7.8080000e+001
  8.2960000e+001
  8.2960000e+001
  6.8320000e+001
  5.3680000e+001
  5.3680000e+001
  3.4160000e+001
  1.4640000e+001
  0.0000000e+000
 -1.4640000e+001
 -2.4400000e+001
 -4.3920000e+001
 -5.8560000e+001
 -6.8320000e+001
 -7.3200000e+001
 -8.2960000e+001
 -8.7840000e+001
 -9.7600000e+001
 -1.0736000e+002
 -1.1224000e+002
 -1.2200000e+002
 -1.3176000e+002
 -1.3176000e+002
 -1.3176000e+002
 -1.3176000e+002
 -1.4152000e+002
 -1.6104000e+002
 -2.0008000e+002
 -2.0984000e+002
 -1.9032000e+002
 -6.8320000e+001
  1.9520000e+002
  5.5632000e+002
  1.0248000e+003
  1.3908000e+003
  1.5420800e+003
  1.6348000e+003
  1.6982400e+003
  1.6201600e+003
  9.8088000e+002
  4.0504000e+002
  1.2688000e+002
 -5.3680000e+001
 -1.9032000e+002
 -2.4400000e+002
 -2.0984000e+002
 -1.6104000e+002
 -1.2200000e+002
 -8.7840000e+001
 -8.7840000e+001
 -7.8080000e+001
 -4.8800000e+001
 -3.4160000e+001
 -3.4160000e+001
 -4.8800000e+001
 -5.8560000e+001
 -6.3440000e+001
 -8.2960000e+001
 -9.7600000e+001
 -1.1224000e+002
 -1.1712000e+002
 -1.3176000e+002
 -1.4640000e+002
 -1.6104000e+002
 -1.7568000e+002
 -1.8544000e+002
 -1.9032000e+002
 -2.0008000e+002
 -2.0496000e+002
 -2.0496000e+002
 -2.0496000e+002
 -2.0496000e+002
 -2.0496000e+002
 -2.0496000e+002
 -2.0496000e+002
 -2.0496000e+002
 -2.0008000e+002
 -1.9520000e+002
 -1.9032000e+002
 -2.0008000e+002
 -2.0008000e+002
 -1.9520000e+002
 -1.9032000e+002
 -1.9032000e+002
 -1.9032000e+002
 -1.9520000e+002
 -2.0496000e+002
 -2.1472000e+002
 -2.2448000e+002
 -2.2936000e+002
 -2.3424000e+002
 -2.3912000e+002
 -2.3912000e+002
 -2.2936000e+002
 -2.2448000e+002
 -2.0984000e+002
 -1.9032000e+002
 -1.6104000e+002
 -1.1224000e+002
 -5.8560000e+001
 -1.4640000e+001
  2.9280000e+001
  5.3680000e+001
  5.8560000e+001
  6.8320000e+001
  7.3200000e+001
  7.3200000e+001
  6.8320000e+001
  4.8800000e+001
  3.4160000e+001
  3.4160000e+001
  1.9520000e+001
  4.8800000e+000
 -9.7600000e+000
 -2.4400000e+001
 -3.4160000e+001
 -5.3680000e+001
 -6.8320000e+001
 -7.8080000e+001
 -8.2960000e+001
 -9.2720000e+001
 -9.7600000e+001
 -1.0736000e+002
 -1.1712000e+002
 -1.1712000e+002
 -1.2200000e+002
 -1.3176000e+002
 -1.3664000e+002
 -1.4640000e+002
 -1.5128000e+002
 -1.6104000e+002
 -1.8056000e+002
 -2.0984000e+002
 -1.5616000e+002
 -6.3440000e+001
  1.5128000e+002
  4.9776000e+002
  8.4424000e+002
  1.2541600e+003
  1.5274400e+003
  1.6104000e+003
  1.5908800e+003
  1.5030400e+003
  1.2980800e+003
  6.1976000e+002
  1.7568000e+002
  0.0000000e+000
 -1.1224000e+002
 -1.7568000e+002
 -1.9032000e+002
 -1.3176000e+002
 -1.0736000e+002
 -9.2720000e+001
 -6.3440000e+001
 -6.8320000e+001
 -5.8560000e+001
 -3.9040000e+001
 -4.3920000e+001
 -5.3680000e+001
 -6.8320000e+001
 -7.8080000e+001
 -8.7840000e+001
 -1.1224000e+002
 -1.2688000e+002
 -1.4640000e+002
 -1.5616000e+002
 -1.7080000e+002
 -1.8544000e+002
 -1.9520000e+002
 -2.0496000e+002
 -2.1472000e+002
 -2.1960000e+002
 -2.2448000e+002
 -2.2448000e+002
 -2.2448000e+002
 -2.2448000e+002
 -2.2448000e+002
 -2.2448000e+002
 -2.2448000e+002
 -2.2448000e+002
 -2.2448000e+002
 -2.1960000e+002
 -2.1960000e+002
 -2.1960000e+002
 -2.2936000e+002
 -2.2448000e+002
 -2.2448000e+002
 -2.2448000e+002
 -2.2448000e+002
 -2.2448000e+002
 -2.2448000e+002
 -2.2936000e+002
 -2.3424000e+002
 -2.3912000e+002
 -2.3912000e+002
 -2.3424000e+002
 -2.3424000e+002
 -2.2936000e+002
 -2.1960000e+002
 -2.1472000e+002
 -1.9032000e+002
 -1.1712000e+002
 -5.3680000e+001
 -4.8800000e+000
  2.4400000e+001
  3.4160000e+001
  4.8800000e+001
  5.8560000e+001
  6.3440000e+001
  6.8320000e+001
  5.8560000e+001
  4.3920000e+001
  4.3920000e+001
  2.4400000e+001
  4.8800000e+000
 -9.7600000e+000
 -2.4400000e+001
 -3.4160000e+001
 -5.3680000e+001
 -7.3200000e+001
 -8.7840000e+001
 -9.2720000e+001
 -1.0248000e+002
 -1.0736000e+002
 -1.1712000e+002
 -1.2688000e+002
 -1.2688000e+002
 -1.3176000e+002
 -1.4152000e+002
 -1.4152000e+002
 -1.4640000e+002
 -1.5128000e+002
 -1.6104000e+002
 -1.8056000e+002
 -2.0984000e+002
 -2.2936000e+002
 -2.0984000e+002
 -7.8080000e+001
  1.8544000e+002
  5.6608000e+002
  1.0101600e+003
  1.3712800e+003
  1.5420800e+003
  1.6299200e+003
  1.6494400e+003
  1.5616000e+003
  1.0004000e+003
  4.0992000e+002
  8.7840000e+001
 -9.2720000e+001
 -2.2448000e+002
 -2.7816000e+002
 -2.5864000e+002
 -2.0008000e+002
 -1.5128000e+002
 -1.0736000e+002
 -9.7600000e+001
 -8.7840000e+001
 -6.8320000e+001
 -6.3440000e+001
 -6.3440000e+001
 -7.3200000e+001
 -7.8080000e+001
 -7.8080000e+001
 -9.2720000e+001
 -1.0736000e+002
 -1.2688000e+002
 -1.4152000e+002
 -1.6104000e+002
 -1.7568000e+002
 -1.8544000e+002
 -1.9520000e+002
 -2.0496000e+002
 -2.0984000e+002
 -2.1472000e+002
 -2.1472000e+002
 -2.1472000e+002
 -2.1472000e+002
 -2.1472000e+002
 -2.1472000e+002
 -2.1472000e+002
 -2.1472000e+002
 -2.1472000e+002
 -2.0984000e+002
 -2.0984000e+002
 -2.0984000e+002
 -2.1960000e+002
 -2.1960000e+002
 -2.1472000e+002
 -2.0984000e+002
 -2.0984000e+002
 -2.0496000e+002
 -2.0496000e+002
 -2.1960000e+002
 -2.3424000e+002
 -2.4400000e+002
 -2.4888000e+002
 -2.5864000e+002
 -2.5864000e+002
 -2.5376000e+002
 -2.5376000e+002
 -2.4400000e+002
 -2.2936000e+002
 -2.2448000e+002
 -2.0008000e+002
 -1.2688000e+002
 -6.3440000e+001
 -1.4640000e+001
  1.4640000e+001
  2.4400000e+001
  3.9040000e+001
  5.3680000e+001
  6.3440000e+001
  6.3440000e+001
  4.8800000e+001
  2.9280000e+001
  2.4400000e+001
  4.8800000e+000
 -1.4640000e+001
 -2.9280000e+001
 -4.3920000e+001
 -5.3680000e+001
 -7.3200000e+001
 -8.7840000e+001
 -9.7600000e+001
 -1.0248000e+002
 -1.1224000e+002
 -1.1712000e+002
 -1.2688000e+002
 -1.3664000e+002
 -1.3664000e+002
 -1.4152000e+002
 -1.5128000e+002
 -1.4640000e+002
 -1.4640000e+002
 -1.5128000e+002
 -1.6104000e+002
 -1.8056000e+002
 -2.0984000e+002
 -2.2936000e+002
 -2.0984000e+002
 -8.2960000e+001
  1.7568000e+002
  5.3192000e+002
  9.5160000e+002
  1.3176000e+003
  1.4932800e+003
  1.5908800e+003
  1.6201600e+003
  1.5420800e+003
  9.9064000e+002
  4.0992000e+002
  9.7600000e+001
 -8.7840000e+001
 -2.2448000e+002
 -2.6840000e+002
 -2.3912000e+002
 -1.9032000e+002
 -1.5128000e+002
 -1.0736000e+002
 -9.7600000e+001
 -8.7840000e+001
 -6.8320000e+001
 -6.3440000e+001
 -6.3440000e+001
 -7.8080000e+001
 -8.7840000e+001
 -8.7840000e+001
 -1.0248000e+002
 -1.1712000e+002
 -1.3664000e+002
 -1.4640000e+002
 -1.6104000e+002
 -1.7568000e+002
 -1.8544000e+002
 -1.9520000e+002
 -2.0496000e+002
 -2.0984000e+002
 -2.1472000e+002
 -2.1472000e+002
 -2.1472000e+002
 -2.1960000e+002
 -2.2448000e+002
 -2.2448000e+002
 -2.2448000e+002
 -2.2448000e+002
 -2.2448000e+002
 -2.1960000e+002
 -2.1960000e+002
 -2.1960000e+002
 -2.2936000e+002
 -2.2936000e+002
 -2.2448000e+002
 -2.1472000e+002
 -2.0984000e+002
 -2.0496000e+002
 -2.0496000e+002
 -2.1960000e+002
 -2.3424000e+002
 -2.3912000e+002
 -2.4400000e+002
 -2.4888000e+002
 -2.4888000e+002
 -2.4400000e+002
 -2.4400000e+002
 -2.3424000e+002
 -2.1960000e+002
 -2.0008000e+002
 -1.6104000e+002
 -9.7600000e+001
 -4.3920000e+001
  4.8800000e+000
  3.4160000e+001
  4.3920000e+001
  5.8560000e+001
  6.8320000e+001
  7.3200000e+001
  7.3200000e+001
  5.8560000e+001
  3.9040000e+001
  3.4160000e+001
  1.4640000e+001
 -4.8800000e+000
 -1.9520000e+001
 -3.4160000e+001
 -4.3920000e+001
 -6.3440000e+001
 -7.3200000e+001
 -7.8080000e+001
 -8.2960000e+001
 -9.2720000e+001
 -9.7600000e+001
 -1.0736000e+002
 -1.1712000e+002
 -1.1712000e+002
 -1.2200000e+002
 -1.3176000e+002
 -1.3176000e+002
 -1.3664000e+002
 -1.4152000e+002
 -1.5128000e+002
 -1.7080000e+002
 -2.0008000e+002
 -2.0008000e+002
 -1.6104000e+002
 -9.7600000e+000
  2.7328000e+002
  6.2952000e+002
  1.0492000e+003
  1.3761600e+003
  1.5128000e+003
  1.5860000e+003
  1.5908800e+003
  1.4542400e+003
  8.4424000e+002
  3.2696000e+002
  7.8080000e+001
 -9.2720000e+001
 -2.1472000e+002
 -2.4888000e+002
 -2.0984000e+002
 -1.6104000e+002
 -1.2200000e+002
 -8.7840000e+001
 -8.7840000e+001
 -7.3200000e+001
 -4.8800000e+001
 -4.3920000e+001
 -4.3920000e+001
 -5.8560000e+001
 -6.8320000e+001
 -7.3200000e+001
 -9.2720000e+001
 -1.0736000e+002
 -1.2688000e+002
 -1.3664000e+002
 -1.5128000e+002
 -1.6592000e+002
 -1.7568000e+002
 -1.8544000e+002
 -1.9520000e+002
 -2.0008000e+002
 -2.0496000e+002
 -2.0496000e+002
 -2.0496000e+002
 -2.0496000e+002
 -2.0496000e+002
 -2.0496000e+002
 -2.0496000e+002
 -2.0984000e+002
 -2.1472000e+002
 -2.0984000e+002
 -2.0984000e+002
 -2.0496000e+002
 -2.0984000e+002
 -2.0984000e+002
 -2.0496000e+002
 -2.0496000e+002
 -2.0496000e+002
 -2.0496000e+002
 -2.0496000e+002
 -2.0984000e+002
 -2.1960000e+002
 -2.2936000e+002
 -2.3912000e+002
 -2.3912000e+002
 -2.3424000e+002
 -2.3424000e+002
 -2.2448000e+002
 -2.1960000e+002
 -2.1472000e+002
 -1.8056000e+002
 -1.1712000e+002
 -5.8560000e+001
 -4.8800000e+000
  2.4400000e+001
  3.4160000e+001
  5.3680000e+001
  6.8320000e+001
  7.3200000e+001
  7.3200000e+001
  5.8560000e+001
  4.3920000e+001
  4.8800000e+001
  3.4160000e+001
  1.4640000e+001
  0.0000000e+000
 -1.9520000e+001
 -3.4160000e+001
 -5.3680000e+001
 -6.8320000e+001
 -7.3200000e+001
 -7.3200000e+001
 -8.2960000e+001
 -8.7840000e+001
 -9.7600000e+001
 -1.0736000e+002
 -1.0736000e+002
 -1.1224000e+002
 -1.2200000e+002
 -1.2200000e+002
 -1.2688000e+002
 -1.3176000e+002
 -1.4152000e+002
 -1.6104000e+002
 -1.9520000e+002
 -2.0008000e+002
 -2.0008000e+002
 -9.7600000e+001
  1.4640000e+002
  4.8800000e+002
  9.6624000e+002
  1.3420000e+003
  1.4981600e+003
  1.5957600e+003
  1.6982400e+003
  1.6592000e+003
  1.0248000e+003
  4.5384000e+002
  1.5616000e+002
 -4.3920000e+001
 -1.9032000e+002
 -2.5376000e+002
 -2.1960000e+002
 -1.7080000e+002
 -1.2688000e+002
 -8.7840000e+001
 -8.7840000e+001
 -7.8080000e+001
 -5.3680000e+001
 -4.3920000e+001
 -3.9040000e+001
 -4.8800000e+001
 -5.8560000e+001
 -6.3440000e+001
 -8.2960000e+001
 -9.7600000e+001
 -1.1712000e+002
 -1.2688000e+002
 -1.4152000e+002
 -1.5616000e+002
 -1.6592000e+002
 -1.7568000e+002
 -1.8544000e+002
 -1.9032000e+002
 -1.9520000e+002
 -1.9520000e+002
 -2.0008000e+002
 -2.0496000e+002
 -2.0984000e+002
 -2.1472000e+002
 -2.1472000e+002
 -2.1472000e+002
 -2.0984000e+002
 -2.0008000e+002
 -2.0008000e+002
 -2.0008000e+002
 -2.0984000e+002
 -2.0984000e+002
 -2.0496000e+002
 -2.0008000e+002
 -1.9032000e+002
 -1.8544000e+002
 -1.9520000e+002
 -2.0496000e+002
 -2.1472000e+002
 -2.2448000e+002
 -2.3424000e+002
 -2.3912000e+002
 -2.3912000e+002
 -2.3424000e+002
 -2.3424000e+002
 -2.2448000e+002
 -2.0984000e+002
 -1.9520000e+002
 -1.6104000e+002
 -9.7600000e+001
 -4.3920000e+001
  4.8800000e+000
  3.4160000e+001
  4.3920000e+001
  5.8560000e+001
  6.8320000e+001
  7.3200000e+001
  7.3200000e+001
  5.8560000e+001
  4.3920000e+001
  4.8800000e+001
  3.4160000e+001
  1.4640000e+001
  0.0000000e+000
 -1.4640000e+001
 -2.4400000e+001
 -4.3920000e+001
 -5.8560000e+001
 -6.8320000e+001
 -7.3200000e+001
 -8.2960000e+001
 -8.7840000e+001
 -9.7600000e+001
 -1.0736000e+002
 -1.0736000e+002
 -1.1224000e+002
 -1.2200000e+002
 -1.2200000e+002
 -1.2688000e+002
 -1.3176000e+002
 -1.4640000e+002
 -1.7080000e+002
 -2.0496000e+002
 -2.0984000e+002
 -1.8544000e+002
 -5.8560000e+001
  2.0008000e+002
  5.5632000e+002
  1.0150400e+003
  1.3712800e+003
  1.5225600e+003
  1.6152800e+003
  1.6738400e+003
  1.5908800e+003
  9.6136000e+002
  3.9528000e+002
  1.2200000e+002
 -5.3680000e+001
 -1.7568000e+002
 -2.1472000e+002
 -1.8056000e+002
 -1.3176000e+002
 -9.7600000e+001
 -6.8320000e+001
 -6.8320000e+001
 -5.8560000e+001
 -4.3920000e+001
 -4.3920000e+001
 -4.3920000e+001
 -5.8560000e+001
 -6.8320000e+001
 -7.3200000e+001
 -9.2720000e+001
 -1.0736000e+002
 -1.2688000e+002
 -1.3664000e+002
 -1.5128000e+002
 -1.6592000e+002
 -1.7568000e+002
 -1.8544000e+002
 -1.9520000e+002
 -2.0008000e+002
 -2.0496000e+002
 -2.0496000e+002
 -2.0496000e+002
 -2.0496000e+002
 -2.0496000e+002
 -2.0496000e+002
 -2.0496000e+002
 -2.0496000e+002
 -2.0496000e+002
 -2.0008000e+002
 -2.0008000e+002
 -2.0008000e+002
 -2.0984000e+002
 -2.0984000e+002
 -2.0496000e+002
 -2.0496000e+002
 -2.0496000e+002
 -2.0496000e+002
 -2.0496000e+002
 -2.0496000e+002
 -2.0984000e+002
 -2.1472000e+002
 -2.1960000e+002
 -2.1960000e+002
 -2.1472000e+002
 -2.1472000e+002
 -2.0496000e+002
 -1.9032000e+002
 -1.8056000e+002
 -1.5128000e+002
 -8.7840000e+001
 -3.4160000e+001
  1.4640000e+001
  4.3920000e+001
  5.3680000e+001
  6.8320000e+001
  8.2960000e+001
  9.2720000e+001
  9.2720000e+001
  7.8080000e+001
  6.3440000e+001
  6.3440000e+001
  4.3920000e+001
  2.4400000e+001
  9.7600000e+000
 -4.8800000e+000
 -1.4640000e+001
 -3.4160000e+001
 -4.8800000e+001
 -5.8560000e+001
 -6.3440000e+001
 -7.3200000e+001
 -7.8080000e+001
 -8.7840000e+001
 -9.7600000e+001
 -9.7600000e+001
 -1.0248000e+002
 -1.1224000e+002
 -1.1712000e+002
 -1.2688000e+002
 -1.3176000e+002
 -1.4152000e+002
 -1.5128000e+002
 -1.7080000e+002
 -1.5128000e+002
 -9.2720000e+001
  9.2720000e+001
  4.0992000e+002
  7.8080000e+002
  1.2151200e+003
  1.5176800e+003
  1.6299200e+003
  1.6543200e+003
  1.6104000e+003
  1.4103200e+003
  7.3688000e+002
  2.4400000e+002
  1.9520000e+001
 -1.2200000e+002
 -2.1472000e+002
 -2.5376000e+002
 -2.1960000e+002
 -1.6104000e+002
 -1.1224000e+002
 -7.3200000e+001
 -6.8320000e+001
 -5.8560000e+001
 -3.9040000e+001
 -3.4160000e+001
 -3.4160000e+001
 -3.9040000e+001
 -3.9040000e+001
 -4.3920000e+001
 -6.3440000e+001
 -7.8080000e+001
 -9.7600000e+001
 -1.1224000e+002
 -1.3176000e+002
 -1.4640000e+002
 -1.6104000e+002
 -1.6104000e+002
