 -1.6592000e+002
 -1.6104000e+002
 -1.5616000e+002
 -1.5616000e+002
 -1.5616000e+002
 -1.6592000e+002
 -1.7568000e+002
 -1.7568000e+002
 -1.7568000e+002
 -1.7568000e+002
 -1.7568000e+002
 -1.7080000e+002
 -1.6592000e+002
 -1.6592000e+002
 -1.6104000e+002
 -1.3176000e+002
 -1.0736000e+002
 -8.7840000e+001
 -5.8560000e+001
 -5.8560000e+001
 -5.8560000e+001
 -4.3920000e+001
 -3.4160000e+001
 -3.4160000e+001
 -4.8800000e+001
 -8.2960000e+001
 -9.7600000e+001
 -1.0736000e+002
 -1.0736000e+002
 -1.0248000e+002
 -1.0248000e+002
 -1.1712000e+002
 -1.2688000e+002
 -1.1712000e+002
 -1.1712000e+002
 -1.4152000e+002
 -1.5128000e+002
 -1.7080000e+002
 -1.8544000e+002
 -2.0008000e+002
 -2.1472000e+002
 -2.1960000e+002
 -2.2448000e+002
 -2.2448000e+002
 -2.1472000e+002
 -2.1472000e+002
 -2.1472000e+002
 -2.3912000e+002
 -2.8792000e+002
 -3.2696000e+002
 -3.4648000e+002
 -3.2208000e+002
 -1.0248000e+002
  4.3920000e+002
  1.0638400e+003
  1.2200000e+003
  8.9304000e+002
  3.0256000e+002
 -1.6592000e+002
 -3.9040000e+002
 -4.8800000e+002
 -5.7096000e+002
 -5.4168000e+002
 -4.0504000e+002
 -3.0256000e+002
 -2.5376000e+002
 -2.2936000e+002
 -2.2936000e+002
 -2.3424000e+002
 -2.2448000e+002
 -2.2448000e+002
 -2.2448000e+002
 -2.2448000e+002
 -2.2936000e+002
 -2.3912000e+002
 -2.3424000e+002
 -2.3424000e+002
 -2.2448000e+002
 -2.1472000e+002
 -2.1472000e+002
 -2.1472000e+002
 -2.0984000e+002
 -2.0496000e+002
 -2.0008000e+002
 -1.9520000e+002
 -1.8056000e+002
 -1.7568000e+002
 -1.8056000e+002
 -1.8544000e+002
 -1.7568000e+002
 -1.7080000e+002
 -1.5616000e+002
 -1.5616000e+002
 -1.4640000e+002
 -1.3176000e+002
 -1.1712000e+002
 -1.0248000e+002
 -8.7840000e+001
 -7.3200000e+001
 -5.8560000e+001
 -4.3920000e+001
 -2.9280000e+001
 -4.8800000e+000
  2.4400000e+001
  5.3680000e+001
  6.3440000e+001
  7.8080000e+001
  9.2720000e+001
  1.0736000e+002
  1.3176000e+002
  1.4152000e+002
  1.6104000e+002
  1.7568000e+002
  1.7080000e+002
  1.7080000e+002
  1.6592000e+002
  1.6104000e+002
  1.5616000e+002
  1.4640000e+002
  1.3664000e+002
  1.3176000e+002
  1.1224000e+002
  8.7840000e+001
  5.8560000e+001
  3.4160000e+001
  1.9520000e+001
 -9.7600000e+000
 -1.4640000e+001
 -1.4640000e+001
 -3.9040000e+001
 -5.8560000e+001
 -6.8320000e+001
 -7.3200000e+001
 -8.2960000e+001
 -8.2960000e+001
 -7.8080000e+001
 -7.3200000e+001
 -7.8080000e+001
 -7.8080000e+001
 -7.8080000e+001
 -8.2960000e+001
 -8.2960000e+001
 -8.2960000e+001
 -6.8320000e+001
 -5.8560000e+001
 -6.3440000e+001
 -6.3440000e+001
 -6.3440000e+001
 -6.3440000e+001
 -6.3440000e+001
 -6.8320000e+001
 -6.8320000e+001
 -6.3440000e+001
 -5.8560000e+001
 -5.3680000e+001
 -4.8800000e+001
 -4.3920000e+001
 -5.3680000e+001
 -4.3920000e+001
 -4.3920000e+001
 -4.3920000e+001
 -3.9040000e+001
 -3.4160000e+001
 -3.4160000e+001
 -3.4160000e+001
 -2.9280000e+001
 -2.4400000e+001
 -2.9280000e+001
 -2.9280000e+001
 -1.9520000e+001
 -1.9520000e+001
 -1.9520000e+001
 -1.4640000e+001
 -1.4640000e+001
 -2.4400000e+001
 -1.4640000e+001
 -1.4640000e+001
 -1.9520000e+001
 -1.9520000e+001
 -1.9520000e+001
 -2.4400000e+001
 -1.9520000e+001
 -1.9520000e+001
 -1.4640000e+001
 -1.4640000e+001
 -1.4640000e+001
 -1.4640000e+001
 -1.4640000e+001
 -1.4640000e+001
 -9.7600000e+000
 -4.8800000e+000
  9.7600000e+000
  0.0000000e+000
 -4.8800000e+000
 -4.8800000e+000
  0.0000000e+000
  0.0000000e+000
  0.0000000e+000
  0.0000000e+000
  0.0000000e+000
  0.0000000e+000
  4.8800000e+000
  4.8800000e+000
  9.7600000e+000
  9.7600000e+000
  9.7600000e+000
  9.7600000e+000
  1.4640000e+001
  1.9520000e+001
  1.9520000e+001
  1.9520000e+001
  1.9520000e+001
  1.9520000e+001
  2.9280000e+001
  6.3440000e+001
  8.7840000e+001
  1.0736000e+002
  1.3664000e+002
  1.3664000e+002
  1.3664000e+002
  1.5128000e+002
  1.6104000e+002
  1.6104000e+002
  1.5616000e+002
  1.3176000e+002
  1.1712000e+002
  1.0736000e+002
  1.0736000e+002
  1.1224000e+002
  1.1224000e+002
  9.7600000e+001
  8.2960000e+001
  8.7840000e+001
  8.7840000e+001
  6.3440000e+001
  5.3680000e+001
  3.4160000e+001
  1.9520000e+001
  4.8800000e+000
  0.0000000e+000
  4.8800000e+000
  0.0000000e+000
  0.0000000e+000
  4.8800000e+000
  0.0000000e+000
 -1.4640000e+001
 -4.8800000e+001
 -7.3200000e+001
 -9.2720000e+001
 -7.8080000e+001
 -3.4160000e+001
  2.2936000e+002
  8.1984000e+002
  1.2834400e+003
  1.3468800e+003
  1.0589600e+003
  4.3432000e+002
  2.4400000e+001
 -1.5128000e+002
 -2.7328000e+002
 -3.6112000e+002
 -3.4160000e+002
 -2.0984000e+002
 -1.0736000e+002
 -4.8800000e+001
 -9.7600000e+000
 -1.4640000e+001
 -2.9280000e+001
 -1.9520000e+001
 -2.9280000e+001
 -3.9040000e+001
 -3.9040000e+001
 -3.4160000e+001
 -3.4160000e+001
 -2.9280000e+001
 -2.9280000e+001
 -2.4400000e+001
 -1.9520000e+001
 -1.9520000e+001
 -1.9520000e+001
 -1.4640000e+001
 -9.7600000e+000
 -9.7600000e+000
 -1.9520000e+001
 -1.4640000e+001
 -9.7600000e+000
 -9.7600000e+000
 -9.7600000e+000
  0.0000000e+000
  4.8800000e+000
  1.9520000e+001
  1.9520000e+001
  2.9280000e+001
  4.3920000e+001
  5.8560000e+001
  7.3200000e+001
  8.7840000e+001
  9.7600000e+001
  1.0736000e+002
  1.2200000e+002
  1.3664000e+002
  1.6104000e+002
  1.8056000e+002
  2.0008000e+002
  2.0984000e+002
  2.1960000e+002
  2.2936000e+002
  2.3912000e+002
  2.5376000e+002
  2.5376000e+002
  2.6840000e+002
  2.8304000e+002
  2.8304000e+002
  2.8304000e+002
  2.7816000e+002
  2.7816000e+002
  2.7328000e+002
  2.5864000e+002
  2.3912000e+002
  2.2448000e+002
  1.9520000e+002
  1.6592000e+002
  1.3664000e+002
  1.1224000e+002
  9.7600000e+001
  6.8320000e+001
  4.8800000e+001
  3.4160000e+001
  1.9520000e+001
  9.7600000e+000
  0.0000000e+000
 -4.8800000e+000
 -1.4640000e+001
 -1.4640000e+001
 -1.9520000e+001
 -2.4400000e+001
 -2.9280000e+001
 -2.9280000e+001
 -2.4400000e+001
 -2.9280000e+001
 -3.4160000e+001
 -3.4160000e+001
 -2.9280000e+001
 -2.4400000e+001
 -2.4400000e+001
 -2.4400000e+001
 -2.4400000e+001
 -2.9280000e+001
 -3.4160000e+001
 -3.9040000e+001
 -4.3920000e+001
 -4.3920000e+001
 -3.9040000e+001
 -3.4160000e+001
 -3.4160000e+001
 -3.9040000e+001
 -5.3680000e+001
 -4.3920000e+001
 -4.3920000e+001
 -4.3920000e+001
 -4.3920000e+001
 -3.9040000e+001
 -3.4160000e+001
 -3.4160000e+001
 -3.4160000e+001
 -4.3920000e+001
 -5.8560000e+001
 -5.8560000e+001
 -5.8560000e+001
 -6.8320000e+001
 -6.8320000e+001
 -6.3440000e+001
 -6.3440000e+001
 -7.3200000e+001
 -6.3440000e+001
 -6.3440000e+001
 -6.8320000e+001
 -6.8320000e+001
 -6.8320000e+001
 -8.2960000e+001
 -9.2720000e+001
 -9.7600000e+001
 -9.7600000e+001
 -1.0248000e+002
 -1.0248000e+002
 -9.2720000e+001
 -8.2960000e+001
 -9.2720000e+001
 -1.0248000e+002
 -1.0248000e+002
 -9.2720000e+001
 -1.0248000e+002
 -1.0248000e+002
 -9.7600000e+001
 -9.7600000e+001
 -1.0736000e+002
 -1.1712000e+002
 -1.1712000e+002
 -1.1712000e+002
 -1.1712000e+002
 -1.1712000e+002
 -1.1712000e+002
 -1.1712000e+002
 -1.1712000e+002
 -1.1712000e+002
 -1.1712000e+002
 -1.1712000e+002
 -1.1712000e+002
 -1.1712000e+002
 -1.1712000e+002
 -1.1712000e+002
 -1.1224000e+002
 -8.2960000e+001
 -6.3440000e+001
 -4.8800000e+001
 -1.9520000e+001
 -1.9520000e+001
 -1.4640000e+001
  4.8800000e+000
  1.4640000e+001
  1.4640000e+001
 -4.8800000e+000
 -4.3920000e+001
 -6.3440000e+001
 -7.8080000e+001
 -7.8080000e+001
 -7.3200000e+001
 -6.8320000e+001
 -7.8080000e+001
 -8.7840000e+001
 -7.8080000e+001
 -8.2960000e+001
 -1.1224000e+002
 -1.2200000e+002
 -1.4152000e+002
 -1.5616000e+002
 -1.7080000e+002
 -1.9032000e+002
 -2.0008000e+002
 -2.0496000e+002
 -2.0496000e+002
 -1.9520000e+002
 -1.9520000e+002
 -2.0008000e+002
 -2.2448000e+002
 -2.7328000e+002
 -3.1720000e+002
 -3.5624000e+002
 -3.6600000e+002
 -1.6104000e+002
  3.7088000e+002
  1.0248000e+003
  1.2785600e+003
  9.9552000e+002
  3.7576000e+002
 -1.0736000e+002
 -3.5624000e+002
 -4.7336000e+002
 -5.5632000e+002
 -5.2704000e+002
 -3.8552000e+002
 -2.8304000e+002
 -2.2448000e+002
 -2.0008000e+002
 -2.1960000e+002
 -2.3424000e+002
 -2.2448000e+002
 -2.2448000e+002
 -2.2448000e+002
 -2.2448000e+002
 -2.1960000e+002
 -2.0984000e+002
 -1.9520000e+002
 -1.9520000e+002
 -1.9032000e+002
 -1.8056000e+002
 -1.7568000e+002
 -1.7568000e+002
 -1.7080000e+002
 -1.6592000e+002
 -1.6592000e+002
 -1.7568000e+002
 -1.7080000e+002
 -1.5616000e+002
 -1.4640000e+002
 -1.4640000e+002
 -1.3664000e+002
 -1.2688000e+002
 -1.0736000e+002
 -1.0736000e+002
 -9.7600000e+001
 -8.2960000e+001
 -6.8320000e+001
 -5.3680000e+001
 -3.9040000e+001
 -2.4400000e+001
 -9.7600000e+000
  9.7600000e+000
  2.9280000e+001
  5.3680000e+001
  7.3200000e+001
  1.0736000e+002
  1.3176000e+002
  1.4640000e+002
  1.6104000e+002
  1.7568000e+002
  1.9520000e+002
  2.0008000e+002
  2.1960000e+002
  2.3424000e+002
  2.3424000e+002
  2.3912000e+002
  2.3912000e+002
  2.3912000e+002
  2.3424000e+002
  2.2448000e+002
  2.0984000e+002
  2.0496000e+002
  1.8544000e+002
  1.6104000e+002
  1.3664000e+002
  1.1224000e+002
  9.7600000e+001
  6.8320000e+001
  4.8800000e+001
  3.4160000e+001
  1.9520000e+001
  9.7600000e+000
  0.0000000e+000
 -1.4640000e+001
 -3.4160000e+001
 -2.4400000e+001
 -1.9520000e+001
 -2.4400000e+001
 -2.9280000e+001
 -2.9280000e+001
 -2.4400000e+001
 -2.4400000e+001
 -2.4400000e+001
 -1.9520000e+001
 -9.7600000e+000
 -9.7600000e+000
 -1.4640000e+001
 -2.4400000e+001
 -3.4160000e+001
 -2.4400000e+001
 -1.4640000e+001
 -1.9520000e+001
 -2.4400000e+001
 -1.9520000e+001
 -9.7600000e+000
 -4.8800000e+000
 -4.8800000e+000
 -4.8800000e+000
 -1.4640000e+001
 -4.8800000e+000
 -4.8800000e+000
 -4.8800000e+000
 -4.8800000e+000
 -4.8800000e+000
 -4.8800000e+000
 -4.8800000e+000
 -4.8800000e+000
  0.0000000e+000
  0.0000000e+000
  0.0000000e+000
  0.0000000e+000
 -9.7600000e+000
 -9.7600000e+000
 -4.8800000e+000
 -4.8800000e+000
 -1.4640000e+001
 -4.8800000e+000
 -1.4640000e+001
 -2.9280000e+001
 -1.9520000e+001
 -9.7600000e+000
 -1.4640000e+001
 -1.4640000e+001
 -1.4640000e+001
 -9.7600000e+000
 -1.4640000e+001
 -1.4640000e+001
 -1.4640000e+001
 -1.4640000e+001
 -1.4640000e+001
 -1.4640000e+001
 -1.4640000e+001
 -4.8800000e+000
 -1.9520000e+001
 -2.4400000e+001
 -1.9520000e+001
 -1.9520000e+001
 -1.9520000e+001
 -1.9520000e+001
 -1.9520000e+001
 -2.4400000e+001
 -2.9280000e+001
 -3.9040000e+001
 -2.9280000e+001
 -1.9520000e+001
 -1.9520000e+001
 -1.9520000e+001
 -2.9280000e+001
 -3.9040000e+001
 -1.4640000e+001
  9.7600000e+000
 -4.8800000e+000
 -1.4640000e+001
  1.4640000e+001
  3.9040000e+001
  5.8560000e+001
  8.7840000e+001
  8.2960000e+001
  7.8080000e+001
  9.2720000e+001
  1.0248000e+002
  1.1224000e+002
  1.0736000e+002
  8.7840000e+001
  8.7840000e+001
  7.8080000e+001
  7.8080000e+001
  7.3200000e+001
  6.3440000e+001
  3.4160000e+001
  9.7600000e+000
  2.9280000e+001
  3.9040000e+001
  1.4640000e+001
  4.8800000e+000
 -9.7600000e+000
 -1.9520000e+001
 -2.9280000e+001
 -3.9040000e+001
 -4.3920000e+001
 -4.8800000e+001
 -4.8800000e+001
 -3.9040000e+001
 -3.9040000e+001
 -3.9040000e+001
 -5.8560000e+001
 -1.0248000e+002
 -1.4152000e+002
 -1.6104000e+002
 -1.9032000e+002
 -2.4400000e+001
  5.7584000e+002
  1.2590400e+003
  1.5176800e+003
  1.2932000e+003
  6.5880000e+002
  1.4640000e+002
 -1.0248000e+002
 -2.2448000e+002
 -3.8552000e+002
 -4.3432000e+002
 -2.8792000e+002
 -1.7568000e+002
 -9.7600000e+001
 -4.3920000e+001
 -4.8800000e+001
 -5.8560000e+001
 -4.8800000e+001
 -4.8800000e+001
 -4.8800000e+001
 -4.8800000e+001
 -4.3920000e+001
 -4.3920000e+001
 -3.9040000e+001
 -3.9040000e+001
 -2.9280000e+001
 -1.9520000e+001
 -1.9520000e+001
 -1.9520000e+001
 -1.4640000e+001
 -9.7600000e+000
 -9.7600000e+000
 -9.7600000e+000
  4.8800000e+000
  9.7600000e+000
  9.7600000e+000
  9.7600000e+000
  1.9520000e+001
  2.4400000e+001
  4.8800000e+001
  5.8560000e+001
  5.8560000e+001
  6.3440000e+001
  7.8080000e+001
  9.2720000e+001
  1.0736000e+002
  1.2200000e+002
  1.4152000e+002
  1.6104000e+002
  1.7568000e+002
  2.0008000e+002
  2.2448000e+002
  2.4888000e+002
  2.5864000e+002
  2.7328000e+002
  2.8304000e+002
  2.9280000e+002
  3.0256000e+002
  2.9768000e+002
  3.1720000e+002
  3.3184000e+002
  3.4160000e+002
  3.5624000e+002
  3.4648000e+002
  3.3672000e+002
  3.3184000e+002
  3.2208000e+002
  3.0256000e+002
  2.8792000e+002
  2.6352000e+002
  2.3424000e+002
  2.0496000e+002
  1.8056000e+002
  1.7080000e+002
  1.4640000e+002
  1.3176000e+002
  1.2200000e+002
  1.0736000e+002
  9.7600000e+001
  7.3200000e+001
  5.3680000e+001
  4.3920000e+001
  4.3920000e+001
  4.8800000e+001
  5.3680000e+001
  4.8800000e+001
  4.8800000e+001
  4.3920000e+001
  3.4160000e+001
  3.4160000e+001
  3.4160000e+001
  3.9040000e+001
  3.9040000e+001
  3.4160000e+001
  3.4160000e+001
  3.4160000e+001
  3.4160000e+001
  3.9040000e+001
  3.9040000e+001
  3.4160000e+001
  3.4160000e+001
  3.9040000e+001
  4.3920000e+001
  4.3920000e+001
  4.3920000e+001
  3.4160000e+001
  4.3920000e+001
  4.3920000e+001
  4.3920000e+001
  5.3680000e+001
  6.3440000e+001
  5.3680000e+001
  4.3920000e+001
  4.3920000e+001
  4.3920000e+001
  3.9040000e+001
  3.9040000e+001
  3.9040000e+001
  2.9280000e+001
  2.9280000e+001
  3.4160000e+001
  3.4160000e+001
  2.4400000e+001
  2.9280000e+001
  2.4400000e+001
  1.9520000e+001
  1.9520000e+001
  1.9520000e+001
  1.4640000e+001
  1.4640000e+001
  9.7600000e+000
  9.7600000e+000
  4.8800000e+000
  4.8800000e+000
  4.8800000e+000
  4.8800000e+000
  4.8800000e+000
  4.8800000e+000
  4.8800000e+000
  1.4640000e+001
  0.0000000e+000
 -4.8800000e+000
 -4.8800000e+000
  0.0000000e+000
  0.0000000e+000
 -4.8800000e+000
 -9.7600000e+000
 -9.7600000e+000
 -1.4640000e+001
 -1.9520000e+001
 -2.9280000e+001
 -1.9520000e+001
 -9.7600000e+000
 -9.7600000e+000
 -9.7600000e+000
 -9.7600000e+000
 -9.7600000e+000
 -1.9520000e+001
 -2.9280000e+001
 -2.9280000e+001
 -2.4400000e+001
  4.8800000e+000
  2.9280000e+001
  4.8800000e+001
  7.8080000e+001
  7.8080000e+001
  7.8080000e+001
  9.2720000e+001
  1.0248000e+002
  1.1224000e+002
  1.0736000e+002
  6.3440000e+001
  3.9040000e+001
  2.9280000e+001
  2.9280000e+001
  3.4160000e+001
  3.4160000e+001
  1.9520000e+001
  9.7600000e+000
  2.4400000e+001
  2.9280000e+001
  4.8800000e+000
 -4.8800000e+000
 -2.4400000e+001
 -3.9040000e+001
 -6.8320000e+001
 -9.7600000e+001
 -1.0248000e+002
 -1.0736000e+002
 -1.0736000e+002
 -9.7600000e+001
 -9.2720000e+001
 -8.7840000e+001
 -1.0736000e+002
 -1.5128000e+002
 -2.0496000e+002
 -2.3912000e+002
 -2.8304000e+002
 -1.3176000e+002
  4.4896000e+002
  1.1126400e+003
  1.4054400e+003
  1.2151200e+003
  5.6608000e+002
  3.9040000e+001
 -2.2448000e+002
 -3.6112000e+002
 -4.4896000e+002
 -4.2456000e+002
 -2.9280000e+002
 -1.9520000e+002
 -1.3664000e+002
 -1.0248000e+002
 -1.1224000e+002
 -1.2688000e+002
 -1.1712000e+002
 -1.1712000e+002
 -1.1712000e+002
 -1.1712000e+002
 -1.1224000e+002
 -1.1224000e+002
 -1.1224000e+002
 -1.1712000e+002
 -1.1224000e+002
 -1.0736000e+002
 -1.1224000e+002
 -1.1712000e+002
 -1.1224000e+002
 -1.0736000e+002
 -1.0736000e+002
 -1.0736000e+002
 -9.2720000e+001
 -8.7840000e+001
 -8.7840000e+001
 -8.7840000e+001
 -7.8080000e+001
 -7.3200000e+001
 -5.8560000e+001
 -5.8560000e+001
 -4.8800000e+001
 -3.4160000e+001
 -2.4400000e+001
 -1.4640000e+001
  0.0000000e+000
  1.4640000e+001
  3.4160000e+001
  5.3680000e+001
  6.8320000e+001
  9.2720000e+001
  1.1224000e+002
  1.3176000e+002
  1.4152000e+002
  1.5616000e+002
  1.7080000e+002
  1.8544000e+002
  2.0984000e+002
  2.1960000e+002
  2.3912000e+002
  2.5376000e+002
  2.5376000e+002
  2.5864000e+002
  2.5376000e+002
  2.4888000e+002
  2.3912000e+002
  2.2448000e+002
  2.0496000e+002
  1.9032000e+002
  1.6592000e+002
  1.3664000e+002
  1.0736000e+002
  8.2960000e+001
  7.3200000e+001
  4.8800000e+001
  2.9280000e+001
  1.4640000e+001
 -4.8800000e+000
 -1.9520000e+001
 -2.9280000e+001
 -3.4160000e+001
 -4.3920000e+001
 -4.3920000e+001
 -5.3680000e+001
 -6.3440000e+001
 -6.8320000e+001
 -6.8320000e+001
 -6.3440000e+001
 -6.3440000e+001
 -6.8320000e+001
 -7.3200000e+001
 -6.8320000e+001
 -6.8320000e+001
 -6.8320000e+001
 -6.3440000e+001
 -6.3440000e+001
 -6.3440000e+001
 -6.8320000e+001
 -7.8080000e+001
 -8.2960000e+001
 -8.2960000e+001
 -7.8080000e+001
 -7.3200000e+001
 -7.3200000e+001
 -7.3200000e+001
 -8.2960000e+001
 -7.3200000e+001
 -7.3200000e+001
 -7.3200000e+001
 -7.3200000e+001
 -7.3200000e+001
 -7.3200000e+001
 -7.3200000e+001
 -7.8080000e+001
 -8.2960000e+001
 -9.2720000e+001
 -9.7600000e+001
 -9.7600000e+001
 -1.0736000e+002
 -1.0248000e+002
 -9.2720000e+001
 -9.2720000e+001
 -1.0248000e+002
 -9.2720000e+001
 -9.2720000e+001
 -1.0248000e+002
 -1.0736000e+002
 -1.0736000e+002
 -1.1224000e+002
 -1.1224000e+002
 -1.1712000e+002
 -1.1712000e+002
 -1.2200000e+002
 -1.2200000e+002
 -1.2200000e+002
 -1.2200000e+002
 -1.2200000e+002
 -1.2200000e+002
 -1.2200000e+002
 -1.1224000e+002
 -1.2688000e+002
 -1.2688000e+002
 -1.2688000e+002
 -1.2688000e+002
 -1.2688000e+002
 -1.2688000e+002
 -1.2688000e+002
 -1.2688000e+002
 -1.2688000e+002
 -1.2688000e+002
 -1.2688000e+002
 -1.2688000e+002
 -1.2688000e+002
 -1.2688000e+002
 -1.2688000e+002
 -1.2688000e+002
 -1.2688000e+002
 -1.2200000e+002
 -1.1712000e+002
 -1.1224000e+002
 -8.2960000e+001
 -6.8320000e+001
 -5.8560000e+001
 -2.9280000e+001
 -2.9280000e+001
 -1.9520000e+001
  4.8800000e+000
  4.8800000e+000
 -4.8800000e+000
 -1.9520000e+001
 -5.3680000e+001
 -6.8320000e+001
 -7.8080000e+001
 -6.3440000e+001
 -4.3920000e+001
 -5.8560000e+001
 -8.7840000e+001
 -9.7600000e+001
 -8.7840000e+001
 -8.7840000e+001
 -1.1224000e+002
 -1.2200000e+002
 -1.4152000e+002
 -1.5616000e+002
 -1.7080000e+002
 -1.8544000e+002
 -1.9032000e+002
 -1.9520000e+002
 -1.9520000e+002
 -1.8544000e+002
 -1.8544000e+002
 -1.9032000e+002
 -2.1472000e+002
 -2.5864000e+002
 -2.9768000e+002
 -3.1232000e+002
 -2.9768000e+002
 -5.8560000e+001
  5.0752000e+002
  1.0736000e+003
  1.2395200e+003
  9.2720000e+002
  2.7816000e+002
 -1.6104000e+002
 -3.6600000e+002
 -4.6360000e+002
 -5.2704000e+002
 -4.9288000e+002
 -3.4648000e+002
 -2.5864000e+002
 -2.1472000e+002
 -1.8056000e+002
 -1.9032000e+002
 -2.0496000e+002
 -1.9520000e+002
 -2.0008000e+002
 -2.0496000e+002
 -2.0496000e+002
 -2.0008000e+002
 -2.0008000e+002
 -1.9520000e+002
 -1.9520000e+002
 -1.9032000e+002
 -1.8056000e+002
 -1.7568000e+002
 -1.7568000e+002
 -1.7080000e+002
 -1.6592000e+002
 -1.6592000e+002
 -1.6592000e+002
 -1.5128000e+002
 -1.4640000e+002
 -1.4640000e+002
 -1.4640000e+002
 -1.3664000e+002
 -1.2200000e+002
 -9.7600000e+001
 -1.0736000e+002
 -1.0736000e+002
 -9.2720000e+001
 -7.8080000e+001
 -5.8560000e+001
 -3.9040000e+001
 -2.4400000e+001
 -9.7600000e+000
  4.8800000e+000
  1.9520000e+001
  5.3680000e+001
  8.2960000e+001
  1.0248000e+002
  1.1224000e+002
  1.3176000e+002
  1.5128000e+002
  1.6592000e+002
  1.8544000e+002
  1.9032000e+002
  2.0984000e+002
  2.2448000e+002
  2.2448000e+002
  2.2936000e+002
  2.2936000e+002
  2.2936000e+002
  2.2448000e+002
  2.0984000e+002
  1.9032000e+002
  1.8056000e+002
  1.5616000e+002
  1.2200000e+002
  8.7840000e+001
  6.3440000e+001
  4.8800000e+001
  1.9520000e+001
  0.0000000e+000
 -4.8800000e+000
 -9.7600000e+000
 -1.9520000e+001
 -2.9280000e+001
 -3.4160000e+001
 -4.3920000e+001
 -4.3920000e+001
 -4.8800000e+001
 -4.3920000e+001
 -3.9040000e+001
 -5.8560000e+001
 -7.3200000e+001
 -6.3440000e+001
 -5.3680000e+001
 -5.3680000e+001
 -4.8800000e+001
 -4.3920000e+001
 -4.3920000e+001
 -4.3920000e+001
 -4.3920000e+001
 -4.3920000e+001
 -4.3920000e+001
 -4.8800000e+001
 -5.3680000e+001
 -4.8800000e+001
 -3.9040000e+001
 -2.9280000e+001
 -2.4400000e+001
 -2.4400000e+001
 -3.4160000e+001
 -2.4400000e+001
 -2.4400000e+001
 -4.3920000e+001
 -6.3440000e+001
 -4.8800000e+001
 -3.4160000e+001
 -2.9280000e+001
 -2.4400000e+001
 -2.4400000e+001
 -2.9280000e+001
 -2.9280000e+001
 -2.9280000e+001
 -3.9040000e+001
 -3.9040000e+001
 -3.4160000e+001
 -3.4160000e+001
 -4.3920000e+001
 -3.4160000e+001
 -3.4160000e+001
 -3.9040000e+001
 -3.4160000e+001
 -2.9280000e+001
 -3.4160000e+001
 -3.4160000e+001
 -3.9040000e+001
 -3.9040000e+001
 -4.3920000e+001
 -4.3920000e+001
 -3.9040000e+001
 -3.4160000e+001
 -2.9280000e+001
 -2.4400000e+001
 -1.4640000e+001
 -4.8800000e+000
 -3.4160000e+001
 -6.8320000e+001
 -4.8800000e+001
 -2.9280000e+001
 -2.9280000e+001
 -2.9280000e+001
 -3.9040000e+001
 -3.4160000e+001
 -3.4160000e+001
 -1.9520000e+001
 -1.9520000e+001
 -1.9520000e+001
 -1.9520000e+001
 -1.9520000e+001
 -1.9520000e+001
 -1.9520000e+001
 -1.9520000e+001
 -1.9520000e+001
 -1.4640000e+001
  1.4640000e+001
  3.9040000e+001
  5.8560000e+001
  8.2960000e+001
  7.8080000e+001
  7.8080000e+001
  9.2720000e+001
  1.1712000e+002
  1.3176000e+002
  9.7600000e+001
  4.3920000e+001
  4.8800000e+001
  5.8560000e+001
  5.8560000e+001
  6.3440000e+001
  4.3920000e+001
  9.7600000e+000
  1.4640000e+001
  3.9040000e+001
  3.9040000e+001
  1.4640000e+001
  4.8800000e+000
 -1.4640000e+001
 -4.8800000e+001
 -8.2960000e+001
 -8.7840000e+001
 -8.2960000e+001
 -8.2960000e+001
 -7.8080000e+001
 -6.8320000e+001
 -6.8320000e+001
 -6.8320000e+001
 -8.7840000e+001
 -1.2688000e+002
 -1.6104000e+002
 -1.8056000e+002
 -1.7080000e+002
  7.8080000e+001
  6.5392000e+002
  1.2492800e+003
  1.4444800e+003
  1.1468000e+003
  5.1240000e+002
  7.3200000e+001
 -1.3176000e+002
 -2.9768000e+002
 -4.2944000e+002
 -4.2456000e+002
 -3.0744000e+002
 -2.0496000e+002
 -1.4640000e+002
 -8.2960000e+001
 -6.3440000e+001
 -9.2720000e+001
 -9.7600000e+001
 -9.7600000e+001
 -9.7600000e+001
 -9.7600000e+001
 -9.2720000e+001
 -9.2720000e+001
 -8.7840000e+001
 -8.2960000e+001
 -7.3200000e+001
 -6.8320000e+001
 -6.8320000e+001
 -6.8320000e+001
 -6.3440000e+001
 -4.8800000e+001
 -3.9040000e+001
 -3.9040000e+001
 -2.4400000e+001
 -2.9280000e+001
 -3.9040000e+001
 -3.9040000e+001
 -2.9280000e+001
 -2.4400000e+001
 -9.7600000e+000
 -9.7600000e+000
  0.0000000e+000
  1.4640000e+001
  2.9280000e+001
  4.3920000e+001
  5.8560000e+001
  7.8080000e+001
  9.7600000e+001
  1.1224000e+002
  1.2688000e+002
  1.5128000e+002
  1.7080000e+002
  1.7568000e+002
  1.7080000e+002
  1.9520000e+002
  2.1960000e+002
  2.3424000e+002
  2.5376000e+002
  2.5376000e+002
  2.6840000e+002
  2.8304000e+002
  2.8304000e+002
  2.8792000e+002
  2.8792000e+002
  2.7816000e+002
  2.6352000e+002
  2.4400000e+002
  2.1960000e+002
  2.0984000e+002
  1.8544000e+002
  1.5616000e+002
  1.2688000e+002
  1.1224000e+002
  1.0736000e+002
  7.8080000e+001
  5.8560000e+001
  4.3920000e+001
  2.9280000e+001
  1.9520000e+001
  9.7600000e+000
  1.4640000e+001
  1.4640000e+001
 -4.8800000e+000
 -2.9280000e+001
 -1.9520000e+001
 -9.7600000e+000
 -9.7600000e+000
 -4.8800000e+000
 -1.4640000e+001
 -2.4400000e+001
 -2.4400000e+001
 -1.9520000e+001
 -1.9520000e+001
 -2.4400000e+001
 -1.4640000e+001
 -4.8800000e+000
 -4.8800000e+000
 -4.8800000e+000
 -9.7600000e+000
 -1.4640000e+001
 -1.4640000e+001
 -9.7600000e+000
 -4.8800000e+000
 -4.8800000e+000
 -4.8800000e+000
 -1.4640000e+001
 -4.8800000e+000
 -4.8800000e+000
 -4.8800000e+000
 -4.8800000e+000
 -4.8800000e+000
 -4.8800000e+000
 -4.8800000e+000
 -4.8800000e+000
 -4.8800000e+000
 -9.7600000e+000
 -9.7600000e+000
 -9.7600000e+000
 -1.9520000e+001
 -1.9520000e+001
 -1.4640000e+001
 -1.4640000e+001
 -2.4400000e+001
 -1.4640000e+001
 -1.4640000e+001
 -1.9520000e+001
 -1.9520000e+001
 -1.9520000e+001
 -2.4400000e+001
 -2.4400000e+001
 -2.9280000e+001
 -2.9280000e+001
 -2.9280000e+001
 -2.4400000e+001
 -2.4400000e+001
 -2.4400000e+001
 -2.4400000e+001
 -2.4400000e+001
 -2.4400000e+001
 -1.4640000e+001
 -2.9280000e+001
 -3.4160000e+001
 -2.9280000e+001
 -2.9280000e+001
 -2.9280000e+001
 -2.9280000e+001
 -2.9280000e+001
 -2.9280000e+001
 -2.9280000e+001
 -2.9280000e+001
 -2.9280000e+001
 -2.9280000e+001
 -1.9520000e+001
 -9.7600000e+000
 -2.9280000e+001
 -4.8800000e+001
 -3.9040000e+001
 -2.9280000e+001
 -2.9280000e+001
 -2.4400000e+001
  4.8800000e+000
  2.9280000e+001
  5.8560000e+001
  9.7600000e+001
  9.7600000e+001
  9.7600000e+001
  1.1224000e+002
  1.2200000e+002
  1.2688000e+002
  1.1712000e+002
  8.2960000e+001
  6.8320000e+001
  4.8800000e+001
  3.9040000e+001
  5.3680000e+001
  6.3440000e+001
  4.8800000e+001
  3.9040000e+001
  4.8800000e+001
  4.8800000e+001
  3.4160000e+001
  3.4160000e+001
 -4.8800000e+000
 -3.9040000e+001
 -3.9040000e+001
 -3.9040000e+001
 -4.3920000e+001
 -4.8800000e+001
 -4.8800000e+001
 -3.9040000e+001
 -3.4160000e+001
 -2.9280000e+001
 -4.8800000e+001
 -9.2720000e+001
 -1.5616000e+002
 -2.0008000e+002
 -2.4400000e+002
 -9.2720000e+001
  5.0264000e+002
  1.1809600e+003
  1.5274400e+003
  1.3908000e+003
  6.8320000e+002
  9.7600000e+001
 -1.8544000e+002
 -3.4160000e+002
 -4.2944000e+002
 -4.0504000e+002
 -2.6352000e+002
 -1.5616000e+002
 -9.7600000e+001
 -6.3440000e+001
 -7.3200000e+001
 -8.7840000e+001
 -7.3200000e+001
 -6.8320000e+001
 -6.8320000e+001
 -6.8320000e+001
 -6.3440000e+001
 -6.3440000e+001
 -5.8560000e+001
 -5.8560000e+001
 -5.8560000e+001
 -5.8560000e+001
 -5.8560000e+001
 -5.8560000e+001
 -5.3680000e+001
 -4.8800000e+001
 -4.8800000e+001
 -4.8800000e+001
 -1.9520000e+001
  0.0000000e+000
 -1.9520000e+001
 -3.9040000e+001
 -1.9520000e+001
 -4.8800000e+000
  9.7600000e+000
  9.7600000e+000
  1.9520000e+001
  3.4160000e+001
  4.8800000e+001
  6.3440000e+001
  7.8080000e+001
  9.2720000e+001
  1.1224000e+002
  1.3176000e+002
  1.4640000e+002
  1.7080000e+002
  1.8544000e+002
  2.0008000e+002
  2.0984000e+002
  2.2448000e+002
  2.4888000e+002
  2.7328000e+002
  2.9280000e+002
  2.9768000e+002
  3.1720000e+002
  3.3184000e+002
  3.3184000e+002
  3.3672000e+002
  3.3184000e+002
  3.2696000e+002
  3.1720000e+002
  3.0256000e+002
  2.8792000e+002
  2.7816000e+002
  2.5376000e+002
  2.2448000e+002
  1.9520000e+002
  1.7080000e+002
  1.5128000e+002
  1.1712000e+002
  9.7600000e+001
  8.2960000e+001
  6.8320000e+001
  5.8560000e+001
  4.8800000e+001
  4.3920000e+001
  2.4400000e+001
  1.4640000e+001
  1.9520000e+001
  2.4400000e+001
  1.9520000e+001
  1.9520000e+001
  2.4400000e+001
  2.4400000e+001
  3.4160000e+001
  4.3920000e+001
  3.9040000e+001
  2.9280000e+001
  2.4400000e+001
  2.4400000e+001
  2.4400000e+001
  2.4400000e+001
  2.9280000e+001
  2.9280000e+001
  2.9280000e+001
  3.4160000e+001
  3.9040000e+001
  4.3920000e+001
  4.3920000e+001
  4.3920000e+001
  3.4160000e+001
  4.3920000e+001
  4.3920000e+001
  4.3920000e+001
  3.9040000e+001
  3.4160000e+001
  3.4160000e+001
  3.4160000e+001
  3.4160000e+001
  3.4160000e+001
  2.9280000e+001
  2.9280000e+001
  3.9040000e+001
  3.9040000e+001
  2.9280000e+001
  2.4400000e+001
  2.4400000e+001
  1.4640000e+001
  2.4400000e+001
  2.4400000e+001
  1.9520000e+001
  1.9520000e+001
  1.9520000e+001
  1.4640000e+001
  9.7600000e+000
  0.0000000e+000
  0.0000000e+000
 -4.8800000e+000
  0.0000000e+000
  0.0000000e+000
  0.0000000e+000
  0.0000000e+000
  0.0000000e+000
 -4.8800000e+000
 -9.7600000e+000
 -1.9520000e+001
 -1.9520000e+001
 -1.9520000e+001
 -1.9520000e+001
 -1.9520000e+001
 -1.9520000e+001
 -1.9520000e+001
 -2.4400000e+001
 -2.9280000e+001
 -3.4160000e+001
 -3.4160000e+001
 -9.7600000e+000
  9.7600000e+000
  2.9280000e+001
  5.8560000e+001
  4.3920000e+001
  2.9280000e+001
  4.3920000e+001
  5.3680000e+001
  5.3680000e+001
  3.9040000e+001
 -1.4640000e+001
 -4.8800000e+001
 -7.8080000e+001
 -9.7600000e+001
 -8.2960000e+001
 -7.3200000e+001
 -6.3440000e+001
 -4.8800000e+001
 -3.9040000e+001
 -3.9040000e+001
 -3.4160000e+001
 -1.4640000e+001
 -2.4400000e+001
 -2.9280000e+001
 -4.3920000e+001
 -5.8560000e+001
 -5.3680000e+001
 -4.8800000e+001
 -4.8800000e+001
 -3.9040000e+001
 -4.3920000e+001
 -4.8800000e+001
 -6.8320000e+001
 -1.1224000e+002
 -1.6104000e+002
 -1.9032000e+002
 -3.2696000e+002
 -2.6840000e+002
  3.1720000e+002
  9.8576000e+002
  1.4932800e+003
  1.5176800e+003
  8.1984000e+002
  2.4400000e+002
 -9.7600000e+001
 -3.1232000e+002
 -4.3432000e+002
 -4.4408000e+002
 -2.9768000e+002
 -1.8544000e+002
 -9.7600000e+001
 -3.4160000e+001
 -5.3680000e+001
 -7.8080000e+001
 -6.8320000e+001
 -6.8320000e+001
 -6.3440000e+001
 -5.8560000e+001
 -5.3680000e+001
 -5.3680000e+001
 -5.8560000e+001
 -6.8320000e+001
 -5.3680000e+001
 -3.9040000e+001
 -3.9040000e+001
 -3.9040000e+001
 -3.4160000e+001
 -2.9280000e+001
 -2.9280000e+001
 -2.9280000e+001
 -1.9520000e+001
 -1.9520000e+001
 -1.9520000e+001
 -1.9520000e+001
 -9.7600000e+000
 -4.8800000e+000
  4.8800000e+000
  0.0000000e+000
  9.7600000e+000
  2.4400000e+001
  3.9040000e+001
  5.3680000e+001
  6.8320000e+001
  8.2960000e+001
  9.7600000e+001
  1.1224000e+002
  1.2688000e+002
  1.5128000e+002
  1.7568000e+002
  2.0008000e+002
  2.0984000e+002
  2.2448000e+002
  2.3912000e+002
  2.5376000e+002
  2.6840000e+002
  2.6840000e+002
  2.8792000e+002
  3.0256000e+002
  3.1232000e+002
  3.2696000e+002
  3.2696000e+002
  3.2696000e+002
  3.1232000e+002
  2.9280000e+002
  2.7816000e+002
  2.6840000e+002
  2.4400000e+002
  2.1472000e+002
  1.8544000e+002
  1.6104000e+002
  1.5616000e+002
  1.3664000e+002
  1.0736000e+002
  8.2960000e+001
  6.8320000e+001
  5.8560000e+001
  4.3920000e+001
  3.4160000e+001
  2.4400000e+001
  2.4400000e+001
  1.9520000e+001
  1.4640000e+001
  9.7600000e+000
  9.7600000e+000
  1.4640000e+001
  1.4640000e+001
  9.7600000e+000
  4.8800000e+000
  9.7600000e+000
  9.7600000e+000
  4.8800000e+000
  4.8800000e+000
  4.8800000e+000
  4.8800000e+000
  4.8800000e+000
  0.0000000e+000
 -9.7600000e+000
 -1.4640000e+001
 -9.7600000e+000
 -4.8800000e+000
 -4.8800000e+000
 -4.8800000e+000
 -1.4640000e+001
 -4.8800000e+000
 -4.8800000e+000
 -4.8800000e+000
 -4.8800000e+000
 -4.8800000e+000
 -4.8800000e+000
 -4.8800000e+000
  0.0000000e+000
  4.8800000e+000
  0.0000000e+000
  0.0000000e+000
 -9.7600000e+000
 -2.9280000e+001
 -2.9280000e+001
 -2.4400000e+001
 -1.9520000e+001
 -2.4400000e+001
 -1.4640000e+001
 -1.4640000e+001
 -1.9520000e+001
 -1.9520000e+001
 -1.9520000e+001
 -2.4400000e+001
 -1.9520000e+001
 -1.9520000e+001
 -1.9520000e+001
 -2.4400000e+001
 -2.9280000e+001
 -3.4160000e+001
 -3.4160000e+001
 -3.4160000e+001
 -2.9280000e+001
 -2.4400000e+001
 -9.7600000e+000
 -1.9520000e+001
 -1.9520000e+001
 -1.4640000e+001
 -1.4640000e+001
 -9.7600000e+000
 -4.8800000e+000
 -1.9520000e+001
 -1.9520000e+001
 -1.9520000e+001
 -1.9520000e+001
 -1.9520000e+001
 -1.9520000e+001
 -1.9520000e+001
 -1.9520000e+001
 -1.9520000e+001
 -1.9520000e+001
 -1.9520000e+001
 -1.9520000e+001
 -1.9520000e+001
 -1.4640000e+001
 -9.7600000e+000
 -9.7600000e+000
 -9.7600000e+000
 -1.9520000e+001
 -2.9280000e+001
 -2.4400000e+001
  4.8800000e+000
  2.9280000e+001
  4.8800000e+001
  8.7840000e+001
  9.7600000e+001
  1.0248000e+002
  1.2200000e+002
  1.3176000e+002
  1.3176000e+002
  1.2200000e+002
  9.2720000e+001
  7.8080000e+001
  6.8320000e+001
  6.3440000e+001
  6.3440000e+001
  6.3440000e+001
  4.8800000e+001
  3.9040000e+001
  4.8800000e+001
  4.8800000e+001
  2.4400000e+001
  1.4640000e+001
 -4.8800000e+000
 -1.9520000e+001
 -3.4160000e+001
 -4.8800000e+001
 -5.3680000e+001
 -6.8320000e+001
 -7.8080000e+001
 -5.8560000e+001
 -4.8800000e+001
 -4.8800000e+001
 -6.8320000e+001
 -1.1224000e+002
 -1.5128000e+002
 -2.1472000e+002
 -2.4888000e+002
 -1.8056000e+002
  2.1472000e+002
  1.0687200e+003
  1.5225600e+003
  1.3468800e+003
  8.3448000e+002
  2.0984000e+002
 -1.8056000e+002
 -3.2696000e+002
 -4.3920000e+002
 -4.3432000e+002
 -3.1720000e+002
 -1.9520000e+002
 -1.1712000e+002
 -8.2960000e+001
 -9.2720000e+001
 -1.0736000e+002
 -9.7600000e+001
 -8.7840000e+001
 -7.8080000e+001
 -7.8080000e+001
 -7.3200000e+001
 -7.3200000e+001
 -6.8320000e+001
 -6.8320000e+001
 -6.3440000e+001
 -5.8560000e+001
 -5.8560000e+001
 -6.8320000e+001
 -7.3200000e+001
 -6.8320000e+001
 -6.8320000e+001
 -6.3440000e+001
 -4.3920000e+001
 -3.9040000e+001
 -3.9040000e+001
 -3.9040000e+001
 -2.9280000e+001
 -3.9040000e+001
 -3.9040000e+001
 -2.9280000e+001
 -9.7600000e+000
  4.8800000e+000
  1.9520000e+001
  3.4160000e+001
  4.8800000e+001
  6.3440000e+001
  7.8080000e+001
  9.2720000e+001
  1.0736000e+002
  1.3176000e+002
  1.5128000e+002
  1.8056000e+002
  2.0008000e+002
  2.0008000e+002
  2.0008000e+002
  2.1472000e+002
  2.3424000e+002
  2.3912000e+002
  2.5864000e+002
  2.8304000e+002
  2.9280000e+002
  3.0256000e+002
  3.0744000e+002
  3.1232000e+002
  3.1232000e+002
  3.2696000e+002
  3.3672000e+002
  3.0256000e+002
  2.5376000e+002
  2.3912000e+002
  2.2448000e+002
  2.0008000e+002
  1.8544000e+002
  1.5616000e+002
  1.3664000e+002
  1.2200000e+002
  1.0736000e+002
  9.2720000e+001
  7.8080000e+001
  7.3200000e+001
  6.3440000e+001
  5.8560000e+001
  4.8800000e+001
  4.3920000e+001
  3.9040000e+001
  3.9040000e+001
  4.3920000e+001
  4.3920000e+001
  4.3920000e+001
  4.3920000e+001
  4.8800000e+001
  4.8800000e+001
  4.3920000e+001
  4.3920000e+001
  4.3920000e+001
  3.9040000e+001
  3.4160000e+001
  1.9520000e+001
  4.8800000e+000
  4.8800000e+000
  9.7600000e+000
  1.9520000e+001
  2.4400000e+001
  2.4400000e+001
  1.4640000e+001
  1.9520000e+001
  1.4640000e+001
  1.4640000e+001
  1.4640000e+001
  9.7600000e+000
  4.8800000e+000
  4.8800000e+000
  4.8800000e+000
  4.8800000e+000
  0.0000000e+000
  0.0000000e+000
  0.0000000e+000
 -9.7600000e+000
 -9.7600000e+000
  9.7600000e+000
  2.4400000e+001
 -4.8800000e+000
 -1.4640000e+001
 -1.4640000e+001
 -1.9520000e+001
 -1.4640000e+001
 -9.7600000e+000
 -9.7600000e+000
 -4.8800000e+000
 -4.8800000e+000
  0.0000000e+000
 -4.8800000e+000
 -4.8800000e+000
 -4.8800000e+000
 -4.8800000e+000
 -4.8800000e+000
 -4.8800000e+000
 -1.4640000e+001
 -1.4640000e+001
 -1.9520000e+001
 -1.4640000e+001
 -1.4640000e+001
 -9.7600000e+000
 -9.7600000e+000
 -9.7600000e+000
 -1.4640000e+001
 -1.9520000e+001
 -2.9280000e+001
 -3.4160000e+001
 -3.9040000e+001
 -3.9040000e+001
 -3.9040000e+001
 -3.9040000e+001
 -3.9040000e+001
 -3.9040000e+001
 -3.9040000e+001
 -3.9040000e+001
 -3.4160000e+001
 -2.9280000e+001
 -2.9280000e+001
 -2.4400000e+001
  4.8800000e+000
  2.9280000e+001
  4.8800000e+001
  7.8080000e+001
  7.8080000e+001
  7.8080000e+001
  1.0248000e+002
  1.2200000e+002
  1.1224000e+002
  8.7840000e+001
  5.3680000e+001
  3.9040000e+001
  2.9280000e+001
  2.9280000e+001
  3.4160000e+001
  3.4160000e+001
  1.9520000e+001
  9.7600000e+000
  1.9520000e+001
  1.9520000e+001
 -4.8800000e+000
 -1.4640000e+001
 -3.4160000e+001
 -4.8800000e+001
 -7.3200000e+001
 -9.7600000e+001
 -9.2720000e+001
 -8.7840000e+001
 -8.7840000e+001
 -7.8080000e+001
 -7.8080000e+001
 -7.8080000e+001
 -9.7600000e+001
 -1.4152000e+002
 -1.8056000e+002
 -2.0008000e+002
 -1.5616000e+002
  8.2960000e+001
  5.9536000e+002
  1.1907200e+003
  1.3615200e+003
  1.0492000e+003
  4.2456000e+002
 -7.8080000e+001
 -2.9768000e+002
 -3.9040000e+002
 -4.5384000e+002
 -4.0504000e+002
 -2.6840000e+002
 -1.6592000e+002
 -1.2688000e+002
 -1.1224000e+002
 -1.0736000e+002
 -1.0736000e+002
 -9.7600000e+001
 -9.7600000e+001
 -9.7600000e+001
 -9.7600000e+001
 -9.2720000e+001
 -9.2720000e+001
 -8.7840000e+001
 -8.7840000e+001
 -9.7600000e+001
 -1.0736000e+002
 -1.0736000e+002
 -1.0736000e+002
 -9.7600000e+001
 -8.7840000e+001
 -8.7840000e+001
 -8.7840000e+001
 -7.3200000e+001
 -6.8320000e+001
 -6.8320000e+001
 -6.8320000e+001
 -5.8560000e+001
 -5.3680000e+001
 -3.9040000e+001
 -3.9040000e+001
 -3.9040000e+001
 -3.4160000e+001
 -1.9520000e+001
 -4.8800000e+000
  4.8800000e+000
  1.4640000e+001
  2.9280000e+001
  4.3920000e+001
  5.8560000e+001
  8.2960000e+001
  1.0248000e+002
  1.2200000e+002
  1.2688000e+002
  1.3664000e+002
  1.5128000e+002
  1.6592000e+002
  1.8544000e+002
  1.9032000e+002
  2.0984000e+002
  2.2448000e+002
  2.2448000e+002
  2.2936000e+002
  2.3424000e+002
  2.3912000e+002
  2.3424000e+002
  2.2448000e+002
  2.0984000e+002
  2.0008000e+002
  1.8056000e+002
  1.5616000e+002
  1.2688000e+002
  1.0248000e+002
  8.7840000e+001
  5.8560000e+001
  1.9520000e+001
 -1.4640000e+001
 -1.9520000e+001
 -1.9520000e+001
 -2.9280000e+001
 -3.4160000e+001
 -4.3920000e+001
 -4.3920000e+001
 -4.8800000e+001
 -5.3680000e+001
 -5.8560000e+001
 -5.8560000e+001
 -4.8800000e+001
 -4.3920000e+001
 -4.3920000e+001
 -4.3920000e+001
 -3.9040000e+001
 -3.9040000e+001
 -5.3680000e+001
 -6.3440000e+001
 -6.3440000e+001
 -6.3440000e+001
 -5.3680000e+001
 -4.8800000e+001
 -5.3680000e+001
 -5.3680000e+001
 -5.3680000e+001
 -5.3680000e+001
 -5.3680000e+001
 -5.3680000e+001
 -6.3440000e+001
 -5.3680000e+001
 -4.8800000e+001
 -4.3920000e+001
 -4.3920000e+001
 -4.3920000e+001
 -4.8800000e+001
 -5.3680000e+001
 -5.3680000e+001
 -5.3680000e+001
 -6.3440000e+001
 -6.8320000e+001
 -6.8320000e+001
 -7.8080000e+001
 -6.3440000e+001
 -4.3920000e+001
 -5.3680000e+001
 -7.3200000e+001
 -6.3440000e+001
 -6.3440000e+001
 -6.3440000e+001
 -5.8560000e+001
 -5.8560000e+001
 -6.3440000e+001
 -7.8080000e+001
 -9.7600000e+001
 -8.7840000e+001
 -8.2960000e+001
 -8.2960000e+001
 -8.2960000e+001
 -8.2960000e+001
 -8.2960000e+001
 -8.2960000e+001
 -8.2960000e+001
 -7.3200000e+001
 -8.7840000e+001
 -8.7840000e+001
 -8.2960000e+001
 -7.8080000e+001
 -7.8080000e+001
 -8.7840000e+001
 -9.7600000e+001
 -9.7600000e+001
 -9.7600000e+001
 -9.7600000e+001
 -9.7600000e+001
 -9.7600000e+001
 -9.7600000e+001
 -9.2720000e+001
 -8.7840000e+001
 -8.7840000e+001
 -8.7840000e+001
 -9.2720000e+001
 -9.7600000e+001
 -9.7600000e+001
 -9.2720000e+001
 -6.3440000e+001
 -3.9040000e+001
 -1.4640000e+001
  1.9520000e+001
  1.9520000e+001
  1.9520000e+001
  3.9040000e+001
  5.3680000e+001
  5.3680000e+001
  3.9040000e+001
 -1.4640000e+001
 -4.8800000e+001
 -4.8800000e+001
 -3.9040000e+001
 -2.9280000e+001
 -2.4400000e+001
 -3.9040000e+001
 -4.8800000e+001
 -4.3920000e+001
 -4.8800000e+001
 -7.3200000e+001
 -8.2960000e+001
 -1.0248000e+002
 -1.1712000e+002
 -1.3176000e+002
 -1.4640000e+002
 -1.5128000e+002
 -1.5616000e+002
 -1.5616000e+002
 -1.4640000e+002
 -1.4640000e+002
 -1.4640000e+002
 -1.6592000e+002
 -2.0984000e+002
 -2.4888000e+002
 -2.6840000e+002
 -2.5864000e+002
 -5.3680000e+001
  4.7336000e+002
  1.0833600e+003
  1.2883200e+003
  1.0101600e+003
  4.0016000e+002
 -8.7840000e+001
 -3.3672000e+002
 -4.5872000e+002
 -5.3192000e+002
 -4.9288000e+002
 -3.5136000e+002
 -2.4400000e+002
 -1.8544000e+002
 -1.5128000e+002
 -1.6104000e+002
 -1.7568000e+002
 -1.6592000e+002
 -1.6592000e+002
 -1.6592000e+002
 -1.6592000e+002
 -1.6104000e+002
 -1.6104000e+002
 -1.5616000e+002
 -1.5616000e+002
 -1.4152000e+002
 -1.2688000e+002
 -1.4152000e+002
 -1.5616000e+002
 -1.5128000e+002
 -1.4640000e+002
 -1.4640000e+002
 -1.4640000e+002
 -1.3176000e+002
 -1.2688000e+002
 -1.2688000e+002
 -1.2688000e+002
 -1.1712000e+002
 -1.1224000e+002
 -9.7600000e+001
 -9.7600000e+001
 -8.7840000e+001
 -7.3200000e+001
 -6.3440000e+001
 -5.3680000e+001
 -3.9040000e+001
 -2.4400000e+001
 -1.9520000e+001
 -1.4640000e+001
  0.0000000e+000
  2.4400000e+001
  3.9040000e+001
  5.3680000e+001
  6.3440000e+001
  7.8080000e+001
  9.7600000e+001
  1.1712000e+002
  1.3664000e+002
  1.4152000e+002
  1.6104000e+002
  1.7568000e+002
  1.8056000e+002
  1.9032000e+002
  1.9520000e+002
  2.0008000e+002
  1.9520000e+002
  1.8544000e+002
  1.7080000e+002
  1.6104000e+002
  1.4152000e+002
  1.1712000e+002
  8.7840000e+001
  6.3440000e+001
  4.8800000e+001
  1.9520000e+001
  0.0000000e+000
 -1.4640000e+001
 -3.4160000e+001
 -4.8800000e+001
 -5.8560000e+001
 -6.3440000e+001
 -8.2960000e+001
 -9.2720000e+001
 -1.0736000e+002
 -1.2200000e+002
 -1.2688000e+002
 -1.2688000e+002
 -1.2200000e+002
 -1.2200000e+002
 -1.2200000e+002
 -1.2200000e+002
 -1.1712000e+002
 -1.1712000e+002
 -1.1712000e+002
 -1.1224000e+002
 -1.1224000e+002
 -1.1224000e+002
 -1.1224000e+002
 -1.1712000e+002
 -1.2200000e+002
 -1.2200000e+002
 -1.2688000e+002
 -1.3176000e+002
 -1.3176000e+002
 -1.3176000e+002
 -1.4152000e+002
 -1.3176000e+002
 -1.3176000e+002
 -1.3176000e+002
 -1.3176000e+002
 -1.3176000e+002
 -1.3176000e+002
 -1.3176000e+002
 -1.1712000e+002
 -1.0248000e+002
 -1.2200000e+002
 -1.3664000e+002
 -1.3664000e+002
 -1.4640000e+002
 -1.4640000e+002
 -1.4152000e+002
 -1.4152000e+002
 -1.5128000e+002
 -1.4152000e+002
 -1.4152000e+002
 -1.4640000e+002
 -1.4640000e+002
 -1.4640000e+002
 -1.5128000e+002
 -1.6104000e+002
 -1.7568000e+002
 -1.6592000e+002
 -1.6104000e+002
 -1.6104000e+002
 -1.6104000e+002
 -1.6592000e+002
 -1.7080000e+002
 -1.7080000e+002
 -1.7080000e+002
 -1.5616000e+002
 -1.6592000e+002
 -1.7080000e+002
 -1.7080000e+002
 -1.8056000e+002
 -1.9520000e+002
 -1.8544000e+002
 -1.7568000e+002
 -1.7568000e+002
 -1.7568000e+002
 -1.7568000e+002
 -1.7568000e+002
 -1.7568000e+002
 -1.7568000e+002
 -1.7568000e+002
 -1.7568000e+002
 -1.8056000e+002
 -1.8544000e+002
 -1.8544000e+002
 -1.8544000e+002
 -1.8056000e+002
 -1.7568000e+002
 -1.5128000e+002
 -1.0248000e+002
 -9.7600000e+001
 -9.7600000e+001
 -6.8320000e+001
 -6.8320000e+001
 -6.8320000e+001
 -5.3680000e+001
 -6.8320000e+001
 -9.2720000e+001
 -9.2720000e+001
 -1.1224000e+002
 -1.2688000e+002
 -1.3664000e+002
 -1.3664000e+002
 -1.3176000e+002
 -1.3176000e+002
 -1.4640000e+002
 -1.7080000e+002
 -1.7568000e+002
 -1.7568000e+002
 -2.0008000e+002
 -2.0008000e+002
 -2.0984000e+002
 -2.2448000e+002
 -2.3912000e+002
 -2.5376000e+002
 -2.5864000e+002
 -2.6352000e+002
 -2.6352000e+002
 -2.5864000e+002
 -2.6352000e+002
 -2.6352000e+002
 -2.8304000e+002
 -3.0744000e+002
 -3.2696000e+002
 -1.0248000e+002
  1.5128000e+002
  3.2208000e+002
  8.1984000e+002
  9.0280000e+002
  5.8560000e+002
  4.2456000e+002
 -7.3200000e+001
 -3.8552000e+002
 -4.6360000e+002
 -4.9776000e+002
 -4.9776000e+002
 -4.7336000e+002
 -3.3672000e+002
 -2.7816000e+002
 -2.6352000e+002
 -2.2936000e+002
 -2.3912000e+002
 -2.5376000e+002
 -2.4400000e+002
 -2.4400000e+002
 -2.4400000e+002
 -2.4400000e+002
 -2.3912000e+002
 -2.3912000e+002
 -2.3424000e+002
 -2.3912000e+002
 -2.3912000e+002
 -2.3424000e+002
 -2.3424000e+002
 -2.3424000e+002
 -2.2936000e+002
 -2.2448000e+002
 -2.2448000e+002
 -2.2448000e+002
 -2.0984000e+002
 -2.0496000e+002
 -2.0496000e+002
 -1.9032000e+002
 -1.6592000e+002
 -1.7080000e+002
 -1.6592000e+002
 -1.6592000e+002
 -1.5616000e+002
 -1.4152000e+002
 -1.2688000e+002
 -1.1224000e+002
 -9.7600000e+001
 -8.2960000e+001
 -6.8320000e+001
 -5.3680000e+001
 -3.9040000e+001
 -1.9520000e+001
 -4.8800000e+000
  1.4640000e+001
  2.4400000e+001
  3.4160000e+001
  4.3920000e+001
  5.8560000e+001
  7.8080000e+001
  8.7840000e+001
  1.1224000e+002
  1.3176000e+002
  1.3664000e+002
  1.4152000e+002
  1.4152000e+002
  1.3664000e+002
  1.2688000e+002
  1.1224000e+002
  9.2720000e+001
  8.2960000e+001
  5.8560000e+001
  2.9280000e+001
  0.0000000e+000
 -2.4400000e+001
 -3.9040000e+001
 -5.8560000e+001
 -6.8320000e+001
 -9.7600000e+001
 -1.3176000e+002
 -1.3176000e+002
